trade_date,index,ts_code,open,high,low,close,pre_close,change,pct_chg,vol,amount
20021024,4153,600522.SH,12.05,12.46,11.88,12.09,5.4,6.69,123.89,362898.82,440587.759
20021025,4152,600522.SH,12.0,12.36,11.95,12.22,12.09,0.13,1.08,133049.01,162274.941
20021028,4151,600522.SH,12.23,12.35,11.66,11.82,12.22,-0.4,-3.27,104147.15,125182.999
20021029,4150,600522.SH,11.69,12.0,11.5,11.89,11.82,0.07,0.59,70185.12,82336.584
20021030,4149,600522.SH,11.88,12.23,11.75,12.07,11.89,0.18,1.51,69470.96,83770.315
20021031,4148,600522.SH,12.0,12.18,11.77,11.81,12.07,-0.26,-2.15,34588.43,41250.645
20021101,4147,600522.SH,11.78,11.89,11.6,11.78,11.81,-0.03,-0.25,30673.66,36023.518
20021104,4146,600522.SH,11.88,12.8,11.79,12.72,11.78,0.94,7.98,108273.57,133634.076
20021105,4145,600522.SH,12.7,13.52,12.6,12.93,12.72,0.21,1.65,268196.94,350451.33
20021106,4144,600522.SH,12.85,13.2,12.8,12.89,12.93,-0.04,-0.31,125832.95,163841.052
20021107,4143,600522.SH,12.87,13.11,12.78,12.98,12.89,0.09,0.7,56814.39,73604.601
20021108,4142,600522.SH,13.2,13.29,12.3,12.42,12.98,-0.56,-4.31,91316.46,116496.651
20021111,4141,600522.SH,12.5,12.76,12.35,12.5,12.42,0.08,0.64,47806.85,60077.024
20021112,4140,600522.SH,12.65,12.77,12.12,12.3,12.5,-0.2,-1.6,55403.77,68655.047
20021113,4139,600522.SH,12.3,12.7,12.11,12.65,12.3,0.35,2.85,61339.78,76320.093
20021114,4138,600522.SH,12.65,12.93,12.3,12.41,12.65,-0.24,-1.9,69188.16,87221.268
20021115,4137,600522.SH,12.3,12.85,12.25,12.63,12.41,0.22,1.77,63380.79,80187.955
20021118,4136,600522.SH,12.6,12.73,12.39,12.6,12.63,-0.03,-0.24,29678.43,37332.613
20021119,4135,600522.SH,12.59,13.15,12.42,12.98,12.6,0.38,3.02,67116.49,86032.086
20021120,4134,600522.SH,12.9,12.9,12.55,12.64,12.98,-0.34,-2.62,54580.16,69265.951
20021121,4133,600522.SH,12.6,13.08,12.48,12.89,12.64,0.25,1.98,100165.31,128583.729
20021122,4132,600522.SH,12.98,13.42,12.65,12.83,12.89,-0.06,-0.47,121551.78,158912.735
20021125,4131,600522.SH,12.75,12.78,12.32,12.4,12.83,-0.43,-3.35,70007.73,87547.368
20021127,4130,600522.SH,11.6,11.87,11.16,11.48,12.4,-0.92,-7.42,84027.59,96241.805
20021128,4129,600522.SH,11.38,12.19,11.21,12.14,11.48,0.66,5.75,65405.15,76522.165
20021129,4128,600522.SH,12.1,12.44,11.89,12.13,12.14,-0.01,-0.08,93433.73,113802.398
20021202,4127,600522.SH,12.0,12.04,11.52,11.55,12.13,-0.58,-4.78,32295.37,38111.454
20021203,4126,600522.SH,11.5,11.73,11.48,11.71,11.55,0.16,1.39,19017.43,22131.881
20021204,4125,600522.SH,11.77,12.15,11.61,11.76,11.71,0.05,0.43,31256.78,37193.867
20021205,4124,600522.SH,11.7,11.83,11.51,11.72,11.76,-0.04,-0.34,17436.49,20316.505
20021206,4123,600522.SH,11.77,11.89,11.6,11.69,11.72,-0.03,-0.26,11805.27,13867.028
20021209,4122,600522.SH,11.63,11.77,11.39,11.5,11.69,-0.19,-1.63,17375.52,20038.794
20021210,4121,600522.SH,11.4,11.59,11.24,11.25,11.5,-0.25,-2.17,16925.77,19262.035
20021211,4120,600522.SH,11.2,11.46,11.17,11.45,11.25,0.2,1.78,17025.58,19254.388
20021212,4119,600522.SH,11.4,11.7,11.38,11.45,11.45,0.0,0.0,15850.25,18296.107
20021213,4118,600522.SH,11.3,11.62,11.2,11.53,11.45,0.08,0.7,15249.77,17410.833
20021216,4117,600522.SH,11.68,11.68,11.5,11.61,11.53,0.08,0.69,13277.04,15385.553
20021217,4116,600522.SH,11.56,11.69,11.52,11.62,11.61,0.01,0.09,12007.71,13924.475
20021218,4115,600522.SH,11.62,11.84,11.5,11.57,11.62,-0.05,-0.43,15805.88,18466.155
20021219,4114,600522.SH,11.55,11.63,11.41,11.49,11.57,-0.08,-0.69,10008.42,11492.44
20021220,4113,600522.SH,11.49,11.74,11.42,11.65,11.49,0.16,1.39,13866.91,16115.646
20021223,4112,600522.SH,11.65,11.78,11.58,11.6,11.65,-0.05,-0.43,11327.59,13226.251
20021224,4111,600522.SH,11.6,11.8,11.57,11.8,11.6,0.2,1.72,15124.5,17720.74
20021225,4110,600522.SH,11.8,11.87,11.64,11.66,11.8,-0.14,-1.19,10496.65,12305.562
20021226,4109,600522.SH,11.61,11.61,11.2,11.21,11.66,-0.45,-3.86,19647.7,22345.858
20021227,4108,600522.SH,11.18,11.4,11.15,11.22,11.21,0.01,0.09,17486.72,19663.328
20021230,4107,600522.SH,11.22,11.28,10.5,10.61,11.22,-0.61,-5.44,32149.51,34638.632
20021231,4106,600522.SH,10.51,10.71,10.1,10.19,10.61,-0.42,-3.96,16491.78,17198.665
20030102,4105,600522.SH,10.19,10.32,9.88,9.93,10.19,-0.26,-2.55,24597.4,24671.441
20030103,4104,600522.SH,9.9,10.12,9.9,10.02,9.93,0.09,0.91,13213.59,13230.074
20030106,4103,600522.SH,10.02,10.22,9.9,10.17,10.02,0.15,1.5,14011.14,14136.748
20030107,4102,600522.SH,10.18,10.59,10.08,10.24,10.17,0.07,0.69,22742.77,23595.721
20030108,4101,600522.SH,10.22,10.66,10.18,10.6,10.24,0.36,3.52,25057.11,26180.329
20030109,4100,600522.SH,10.65,10.98,10.51,10.84,10.6,0.24,2.26,43828.54,47224.001
20030110,4099,600522.SH,10.84,10.95,10.57,10.58,10.84,-0.26,-2.4,27849.84,30034.4
20030113,4098,600522.SH,10.52,10.7,10.48,10.6,10.58,0.02,0.19,11321.07,11984.181
20030114,4097,600522.SH,10.6,11.6,10.55,11.35,10.6,0.75,7.08,55556.84,62091.263
20030115,4096,600522.SH,11.31,11.8,11.21,11.29,11.35,-0.06,-0.53,50052.26,57510.93
20030116,4095,600522.SH,11.3,12.28,11.3,11.9,11.29,0.61,5.4,60370.26,71738.733
20030117,4094,600522.SH,11.9,11.98,11.7,11.86,11.9,-0.04,-0.34,36169.26,42727.018
20030120,4093,600522.SH,11.82,11.84,11.58,11.77,11.86,-0.09,-0.76,18044.07,21155.412
20030121,4092,600522.SH,11.81,11.96,11.36,11.38,11.77,-0.39,-3.31,25584.68,29726.633
20030122,4091,600522.SH,11.28,11.5,11.25,11.46,11.38,0.08,0.7,15856.6,18028.458
20030123,4090,600522.SH,11.28,11.64,11.18,11.21,11.46,-0.25,-2.18,14552.02,16531.538
20030124,4089,600522.SH,11.22,11.59,11.21,11.53,11.21,0.32,2.85,15569.19,17784.43
20030127,4088,600522.SH,11.59,11.86,11.56,11.73,11.53,0.2,1.73,24863.9,29188.442
20030128,4087,600522.SH,11.74,11.83,11.69,11.8,11.73,0.07,0.6,17776.92,20923.294
20030129,4086,600522.SH,11.8,11.93,11.72,11.76,11.8,-0.04,-0.34,20135.19,23848.08
20030210,4085,600522.SH,11.78,11.78,11.35,11.41,11.76,-0.35,-2.98,11400.44,13109.607
20030211,4084,600522.SH,11.38,11.54,11.34,11.54,11.41,0.13,1.14,4794.08,5491.076
20030212,4083,600522.SH,11.54,11.74,11.38,11.73,11.54,0.19,1.65,9572.71,11084.94
20030213,4082,600522.SH,11.74,12.1,11.66,11.76,11.73,0.03,0.26,28896.15,34344.797
20030214,4081,600522.SH,11.7,11.9,11.66,11.75,11.76,-0.01,-0.09,10703.48,12623.366
20030217,4080,600522.SH,11.75,11.9,11.54,11.69,11.75,-0.06,-0.51,11492.74,13405.627
20030218,4079,600522.SH,11.68,11.75,11.5,11.69,11.69,0.0,0.0,7907.69,9165.406
20030219,4078,600522.SH,11.6,11.81,11.54,11.8,11.69,0.11,0.94,9235.76,10777.823
20030220,4077,600522.SH,11.82,11.98,11.72,11.82,11.8,0.02,0.17,16514.69,19573.167
20030221,4076,600522.SH,11.78,11.82,11.48,11.51,11.82,-0.31,-2.62,14675.45,16982.86
20030224,4075,600522.SH,11.5,11.71,11.48,11.6,11.51,0.09,0.78,9603.98,11134.156
20030225,4074,600522.SH,11.6,11.95,11.6,11.95,11.6,0.35,3.02,32066.6,38049.454
20030227,4073,600522.SH,12.03,12.15,11.62,11.68,11.95,-0.27,-2.26,32832.69,38586.645
20030228,4072,600522.SH,11.68,11.95,11.68,11.9,11.68,0.22,1.88,23908.14,28309.728
20030303,4071,600522.SH,11.93,12.25,11.93,12.2,11.9,0.3,2.52,49778.71,60385.587
20030304,4070,600522.SH,12.2,12.23,12.0,12.14,12.2,-0.06,-0.49,18793.52,22727.242
20030305,4069,600522.SH,12.14,12.14,11.86,11.99,12.14,-0.15,-1.24,13036.18,15575.777
20030306,4068,600522.SH,11.99,11.99,11.7,11.74,11.99,-0.25,-2.09,15224.44,17953.241
20030307,4067,600522.SH,11.7,11.83,11.65,11.67,11.74,-0.07,-0.6,8191.82,9602.526
20030310,4066,600522.SH,11.7,11.75,11.44,11.45,11.67,-0.22,-1.89,11859.7,13670.949
20030311,4065,600522.SH,11.48,11.55,11.38,11.45,11.45,0.0,0.0,6113.42,7005.268
20030312,4064,600522.SH,11.4,11.57,11.38,11.56,11.45,0.11,0.96,6290.4,7207.354
20030313,4063,600522.SH,11.57,11.58,11.28,11.28,11.56,-0.28,-2.42,9061.65,10336.787
20030314,4062,600522.SH,11.35,11.38,11.2,11.24,11.28,-0.04,-0.35,7870.99,8889.697
20030317,4061,600522.SH,11.18,11.25,10.98,11.14,11.24,-0.1,-0.89,10356.16,11496.806
20030318,4060,600522.SH,11.21,11.36,11.03,11.04,11.14,-0.1,-0.9,6634.8,7445.329
20030319,4059,600522.SH,11.02,11.2,10.95,11.09,11.04,0.05,0.45,5809.35,6431.544
20030320,4058,600522.SH,11.1,11.16,10.96,10.99,11.09,-0.1,-0.9,6096.84,6738.679
20030321,4057,600522.SH,10.92,11.17,10.92,11.15,10.99,0.16,1.46,5603.15,6214.064
20030324,4056,600522.SH,11.23,11.23,11.09,11.14,11.15,-0.01,-0.09,2834.54,3157.413
20030325,4055,600522.SH,11.14,11.14,10.88,10.89,11.14,-0.25,-2.24,7448.63,8177.767
20030326,4054,600522.SH,10.85,10.9,10.63,10.64,10.89,-0.25,-2.3,7185.07,7698.543
20030327,4053,600522.SH,10.6,11.25,10.38,11.15,10.64,0.51,4.79,18934.38,20420.096
20030328,4052,600522.SH,11.15,11.19,10.81,10.89,11.15,-0.26,-2.33,12018.36,13264.579
20030331,4051,600522.SH,10.87,10.95,10.71,10.94,10.89,0.05,0.46,9098.15,9859.39
20030401,4050,600522.SH,10.94,11.2,10.91,11.13,10.94,0.19,1.74,12844.2,14234.792
20030402,4049,600522.SH,11.1,11.17,11.04,11.07,11.13,-0.06,-0.54,6312.31,6998.687
20030403,4048,600522.SH,11.1,11.16,10.97,10.98,11.07,-0.09,-0.81,5513.38,6076.504
20030404,4047,600522.SH,10.97,11.09,10.9,10.92,10.98,-0.06,-0.55,6814.42,7468.611
20030407,4046,600522.SH,11.29,11.29,10.78,10.8,10.92,-0.12,-1.1,7294.61,7994.434
20030408,4045,600522.SH,10.75,11.04,10.74,10.8,10.8,0.0,0.0,7501.04,8126.526
20030409,4044,600522.SH,10.85,10.85,10.5,10.81,10.8,0.01,0.09,14799.38,15747.329
20030410,4043,600522.SH,10.8,11.05,10.57,10.94,10.81,0.13,1.2,20957.35,22511.433
20030411,4042,600522.SH,10.92,11.0,10.7,10.92,10.94,-0.02,-0.18,18380.57,19943.578
20030414,4041,600522.SH,10.95,11.44,10.95,11.34,10.92,0.42,3.85,28465.58,32133.289
20030415,4040,600522.SH,11.35,11.55,11.25,11.54,11.34,0.2,1.76,21809.49,24789.089
20030416,4039,600522.SH,11.56,11.72,11.12,11.17,11.54,-0.37,-3.21,26395.62,30123.253
20030417,4038,600522.SH,11.15,11.7,11.11,11.48,11.17,0.31,2.78,29344.98,33615.484
20030418,4037,600522.SH,11.53,11.68,11.25,11.28,11.48,-0.2,-1.74,13194.15,15019.455
20030421,4036,600522.SH,11.22,11.22,10.84,10.93,11.28,-0.35,-3.1,13630.24,14986.9
20030422,4035,600522.SH,11.03,11.08,10.8,10.8,10.93,-0.13,-1.19,6907.23,7519.418
20030423,4034,600522.SH,10.8,10.9,10.6,10.63,10.8,-0.17,-1.57,10091.8,10827.969
20030424,4033,600522.SH,10.63,10.78,10.3,10.38,10.63,-0.25,-2.35,13151.2,13801.873
20030425,4032,600522.SH,10.38,10.5,10.0,10.07,10.38,-0.31,-2.99,10856.5,11114.305
20030428,4031,600522.SH,10.0,10.09,9.09,9.61,10.07,-0.46,-4.57,28967.71,27219.415
20030429,4030,600522.SH,9.6,9.6,9.1,9.17,9.61,-0.44,-4.58,21211.03,19631.221
20030512,4029,600522.SH,9.15,9.26,8.52,8.65,9.17,-0.52,-5.67,20341.6,17946.288
20030513,4028,600522.SH,8.53,9.15,8.53,9.12,8.65,0.47,5.43,27163.66,24030.811
20030514,4027,600522.SH,9.02,9.35,8.89,9.28,9.12,0.16,1.75,25098.4,22999.799
20030515,4026,600522.SH,9.18,9.97,9.01,9.77,9.28,0.49,5.28,41497.94,39847.842
20030516,4025,600522.SH,9.75,9.75,9.41,9.53,9.77,-0.24,-2.46,16566.64,15843.511
20030519,4024,600522.SH,9.6,9.9,9.57,9.7,9.53,0.17,1.78,13425.42,13092.55
20030520,4023,600522.SH,9.75,9.75,9.35,9.42,9.7,-0.28,-2.89,10308.84,9785.133
20030521,4022,600522.SH,9.42,9.63,9.4,9.43,9.42,0.01,0.11,7422.88,7051.519
20030522,4021,600522.SH,9.45,9.5,9.28,9.48,9.43,0.05,0.53,6706.6,6321.671
20030523,4020,600522.SH,9.55,9.78,9.4,9.59,9.48,0.11,1.16,12997.49,12479.42
20030526,4019,600522.SH,9.68,9.82,9.61,9.65,9.59,0.06,0.63,12089.61,11764.493
20030527,4018,600522.SH,9.69,9.98,9.6,9.85,9.65,0.2,2.07,23034.25,22745.133
20030528,4017,600522.SH,9.83,9.95,9.7,9.72,9.85,-0.13,-1.32,12006.47,11765.413
20030529,4016,600522.SH,9.78,10.15,9.73,10.14,9.72,0.42,4.32,29382.15,29379.332
20030530,4015,600522.SH,10.35,10.64,10.3,10.32,10.14,0.18,1.78,79328.32,82990.015
20030602,4014,600522.SH,10.28,10.3,10.05,10.18,10.32,-0.14,-1.36,18608.41,18878.108
20030603,4013,600522.SH,10.2,10.27,10.0,10.03,10.18,-0.15,-1.47,12236.94,12336.177
20030604,4012,600522.SH,10.0,10.08,9.68,9.94,10.03,-0.09,-0.9,14784.99,14579.298
20030605,4011,600522.SH,9.94,9.94,9.69,9.7,9.94,-0.24,-2.41,8966.46,8774.685
20030606,4010,600522.SH,9.6,9.88,9.6,9.67,9.7,-0.03,-0.31,7383.04,7183.608
20030609,4009,600522.SH,9.5,9.59,9.25,9.27,9.55,-0.28,-2.93,6037.49,5659.545
20030610,4008,600522.SH,9.29,9.4,9.28,9.31,9.27,0.04,0.43,3846.89,3589.152
20030611,4007,600522.SH,9.32,9.53,9.32,9.49,9.31,0.18,1.93,4776.42,4517.519
20030612,4006,600522.SH,9.51,9.73,9.51,9.59,9.49,0.1,1.05,5052.67,4851.538
20030613,4005,600522.SH,9.6,9.76,9.48,9.65,9.59,0.06,0.63,6860.34,6602.632
20030616,4004,600522.SH,9.65,9.73,9.5,9.56,9.65,-0.09,-0.93,4698.2,4505.953
20030617,4003,600522.SH,9.61,9.69,9.5,9.57,9.56,0.01,0.1,3332.16,3191.707
20030618,4002,600522.SH,9.68,9.89,9.6,9.72,9.57,0.15,1.57,9744.75,9557.274
20030619,4001,600522.SH,9.71,9.8,9.52,9.56,9.72,-0.16,-1.65,5749.33,5507.895
20030620,4000,600522.SH,9.55,9.63,9.45,9.48,9.56,-0.08,-0.84,3599.9,3440.049
20030623,3999,600522.SH,9.48,9.48,9.24,9.25,9.48,-0.23,-2.43,5301.74,4941.926
20030624,3998,600522.SH,9.2,9.39,9.2,9.27,9.25,0.02,0.22,3484.15,3225.734
20030625,3997,600522.SH,9.28,9.34,8.94,8.96,9.27,-0.31,-3.34,5620.5,5101.005
20030626,3996,600522.SH,8.96,9.28,8.88,9.19,8.96,0.23,2.57,9015.6,8181.289
20030627,3995,600522.SH,9.18,9.18,8.91,8.91,9.19,-0.28,-3.05,4970.52,4487.381
20030630,3994,600522.SH,8.8,8.98,8.77,8.81,8.91,-0.1,-1.12,4250.08,3764.117
20030701,3993,600522.SH,8.81,8.97,8.78,8.79,8.81,-0.02,-0.23,3508.0,3116.559
20030702,3992,600522.SH,8.79,8.9,8.73,8.9,8.79,0.11,1.25,3582.69,3171.5
20030703,3991,600522.SH,8.92,9.06,8.85,9.0,8.9,0.1,1.12,3361.42,3015.924
20030704,3990,600522.SH,9.05,9.09,8.92,8.97,9.0,-0.03,-0.33,3564.22,3205.79
20030707,3989,600522.SH,9.05,9.13,8.86,9.13,8.97,0.16,1.78,3596.2,3237.574
20030708,3988,600522.SH,9.13,9.24,9.09,9.22,9.13,0.09,0.99,6445.23,5917.402
20030709,3987,600522.SH,9.23,9.23,9.11,9.12,9.22,-0.1,-1.08,3310.0,3029.257
20030710,3986,600522.SH,9.09,9.3,9.09,9.29,9.12,0.17,1.86,7013.1,6465.206
20030711,3985,600522.SH,9.19,9.36,9.19,9.34,9.29,0.05,0.54,7757.9,7209.041
20030714,3984,600522.SH,9.5,9.56,9.38,9.4,9.34,0.06,0.64,28144.37,26588.264
20030715,3983,600522.SH,9.36,9.41,9.2,9.24,9.4,-0.16,-1.7,7392.79,6878.787
20030716,3982,600522.SH,9.24,9.24,9.06,9.11,9.24,-0.13,-1.41,6737.28,6161.77
20030717,3981,600522.SH,9.08,9.27,9.08,9.17,9.11,0.06,0.66,5028.21,4605.796
20030718,3980,600522.SH,8.51,8.81,8.25,8.28,9.17,-0.89,-9.71,32525.05,27538.743
20030721,3979,600522.SH,8.11,8.15,7.84,7.97,8.28,-0.31,-3.74,20054.45,15983.208
20030722,3978,600522.SH,8.0,8.09,7.9,8.05,7.97,0.08,1.0,9104.19,7267.189
20030723,3977,600522.SH,8.08,8.11,7.96,8.1,8.05,0.05,0.62,6275.51,5043.541
20030724,3976,600522.SH,8.08,8.15,7.97,8.0,8.1,-0.1,-1.23,5255.36,4236.516
20030725,3975,600522.SH,7.96,8.26,7.85,8.13,8.0,0.13,1.63,11238.06,9097.136
20030728,3974,600522.SH,8.1,8.18,8.06,8.11,8.13,-0.02,-0.25,4300.03,3487.668
20030729,3973,600522.SH,8.12,8.19,8.08,8.09,8.11,-0.02,-0.25,3004.84,2441.01
20030730,3972,600522.SH,8.1,8.1,7.86,7.93,8.09,-0.16,-1.98,5376.8,4270.376
20030731,3971,600522.SH,7.99,8.05,7.93,7.95,7.93,0.02,0.25,3395.89,2713.219
20030801,3970,600522.SH,7.95,8.19,7.85,8.15,7.95,0.2,2.52,7278.52,5839.621
20030804,3969,600522.SH,8.13,8.29,8.06,8.27,8.15,0.12,1.47,10501.88,8623.012
20030805,3968,600522.SH,8.25,8.3,8.15,8.16,8.27,-0.11,-1.33,4881.0,4003.089
20030806,3967,600522.SH,8.13,8.18,8.07,8.09,8.16,-0.07,-0.86,4623.15,3750.953
20030807,3966,600522.SH,8.06,8.14,8.0,8.02,8.09,-0.07,-0.87,3108.6,2511.736
20030808,3965,600522.SH,8.01,8.03,7.88,7.94,8.02,-0.08,-1.0,4206.97,3348.399
20030811,3964,600522.SH,7.94,8.0,7.92,8.0,7.94,0.06,0.76,1963.36,1561.944
20030812,3963,600522.SH,8.0,8.24,8.0,8.13,8.0,0.13,1.63,5144.97,4205.199
20030813,3962,600522.SH,8.1,8.11,8.0,8.04,8.13,-0.09,-1.11,3615.85,2912.056
20030814,3961,600522.SH,8.09,8.24,7.95,8.07,8.04,0.03,0.37,7395.05,6013.144
20030815,3960,600522.SH,8.11,8.27,8.11,8.2,8.07,0.13,1.61,14669.6,12044.389
20030818,3959,600522.SH,8.2,8.24,8.09,8.14,8.2,-0.06,-0.73,3407.5,2779.061
20030819,3958,600522.SH,8.16,8.24,8.13,8.16,8.14,0.02,0.25,3680.0,3017.467
20030820,3957,600522.SH,8.12,8.23,8.03,8.1,8.16,-0.06,-0.74,3013.18,2435.574
20030821,3956,600522.SH,8.1,8.1,8.0,8.04,8.1,-0.06,-0.74,4068.74,3266.49
20030822,3955,600522.SH,8.0,8.08,7.92,7.94,8.04,-0.1,-1.24,3523.5,2818.0
20030825,3954,600522.SH,7.85,7.9,7.56,7.62,7.94,-0.32,-4.03,9504.74,7308.459
20030826,3953,600522.SH,7.6,7.66,7.51,7.58,7.62,-0.04,-0.52,4753.0,3610.204
20030827,3952,600522.SH,7.58,7.65,7.54,7.55,7.58,-0.03,-0.4,3063.0,2326.246
20030828,3951,600522.SH,7.62,7.73,7.45,7.45,7.55,-0.1,-1.32,4702.0,3560.583
20030829,3950,600522.SH,7.41,7.44,7.3,7.42,7.45,-0.03,-0.4,6282.39,4628.266
20030901,3949,600522.SH,7.42,7.78,7.42,7.74,7.42,0.32,4.31,7641.64,5852.881
20030902,3948,600522.SH,7.75,7.95,7.7,7.78,7.74,0.04,0.52,13810.46,10801.059
20030903,3947,600522.SH,7.8,7.82,7.62,7.73,7.78,-0.05,-0.64,4969.96,3826.129
20030904,3946,600522.SH,7.78,7.78,7.68,7.72,7.73,-0.01,-0.13,3421.5,2642.457
20030905,3945,600522.SH,7.72,7.72,7.5,7.52,7.72,-0.2,-2.59,3803.11,2873.969
20030908,3944,600522.SH,7.51,7.51,7.4,7.42,7.52,-0.1,-1.33,2614.05,1942.569
20030909,3943,600522.SH,7.43,7.52,7.4,7.45,7.42,0.03,0.4,2854.44,2128.508
20030910,3942,600522.SH,7.45,7.5,7.4,7.47,7.45,0.02,0.27,2387.81,1778.024
20030911,3941,600522.SH,7.5,7.5,7.42,7.43,7.47,-0.04,-0.54,1983.4,1477.253
20030912,3940,600522.SH,7.5,7.5,7.31,7.39,7.43,-0.04,-0.54,4098.56,3016.695
20030915,3939,600522.SH,7.49,7.75,7.44,7.5,7.39,0.11,1.49,17163.06,13045.436
20030916,3938,600522.SH,7.52,7.74,7.46,7.71,7.5,0.21,2.8,8362.25,6369.097
20030917,3937,600522.SH,7.73,7.75,7.41,7.47,7.71,-0.24,-3.11,5012.5,3791.286
20030918,3936,600522.SH,7.39,7.53,7.39,7.48,7.47,0.01,0.13,3035.55,2265.881
20030919,3935,600522.SH,7.45,7.52,7.4,7.44,7.48,-0.04,-0.53,2268.7,1687.47
20030922,3934,600522.SH,7.5,7.63,7.45,7.55,7.44,0.11,1.48,2581.62,1939.193
20030923,3933,600522.SH,7.55,7.64,7.47,7.63,7.55,0.08,1.06,2378.5,1801.201
20030924,3932,600522.SH,7.62,7.67,7.52,7.64,7.63,0.01,0.13,2914.78,2220.292
20030925,3931,600522.SH,7.61,7.62,7.45,7.45,7.64,-0.19,-2.49,2710.3,2041.492
20030926,3930,600522.SH,7.4,7.48,7.33,7.38,7.45,-0.07,-0.94,3221.8,2380.846
20030929,3929,600522.SH,7.38,7.38,7.05,7.08,7.38,-0.3,-4.07,6289.97,4499.697
20030930,3928,600522.SH,7.06,7.15,6.94,7.1,7.08,0.02,0.28,3490.79,2465.524
20031008,3927,600522.SH,7.08,7.1,7.01,7.06,7.1,-0.04,-0.56,1875.98,1324.139
20031009,3926,600522.SH,7.06,7.21,7.05,7.11,7.06,0.05,0.71,1674.0,1192.306
20031010,3925,600522.SH,7.06,7.3,7.05,7.28,7.11,0.17,2.39,4924.21,3544.028
20031013,3924,600522.SH,7.28,7.36,7.18,7.19,7.28,-0.09,-1.24,4115.29,2986.783
20031014,3923,600522.SH,7.01,7.02,6.71,6.72,7.19,-0.47,-6.54,19342.49,13153.848
20031015,3922,600522.SH,6.69,6.78,6.52,6.56,6.72,-0.16,-2.38,9874.96,6593.494
20031016,3921,600522.SH,6.53,6.64,6.47,6.51,6.56,-0.05,-0.76,5751.18,3758.78
20031017,3920,600522.SH,6.46,6.63,6.45,6.5,6.51,-0.01,-0.15,3655.98,2389.237
20031020,3919,600522.SH,6.5,6.55,6.3,6.33,6.5,-0.17,-2.62,5330.0,3399.148
20031021,3918,600522.SH,6.33,6.38,6.25,6.35,6.33,0.02,0.32,4375.66,2753.537
20031022,3917,600522.SH,6.35,6.6,6.3,6.52,6.35,0.17,2.68,10608.09,6875.219
20031023,3916,600522.SH,6.52,6.64,6.41,6.42,6.52,-0.1,-1.53,5639.72,3686.86
20031024,3915,600522.SH,6.43,6.46,6.16,6.18,6.42,-0.24,-3.74,7042.0,4434.119
20031027,3914,600522.SH,6.3,6.3,5.92,5.97,6.18,-0.21,-3.4,8849.68,5339.695
20031028,3913,600522.SH,5.91,6.06,5.85,5.91,5.97,-0.06,-1.01,6148.37,3639.97
20031029,3912,600522.SH,5.9,6.05,5.61,5.71,5.91,-0.2,-3.38,8589.58,4930.159
20031030,3911,600522.SH,5.71,5.82,5.58,5.59,5.71,-0.12,-2.1,6597.74,3738.104
20031031,3910,600522.SH,5.51,5.85,5.51,5.71,5.59,0.12,2.15,8105.94,4661.394
20031103,3909,600522.SH,5.69,5.83,5.66,5.82,5.71,0.11,1.93,4599.41,2646.759
20031104,3908,600522.SH,5.8,5.96,5.73,5.88,5.82,0.06,1.03,10790.07,6334.083
20031105,3907,600522.SH,5.9,5.9,5.65,5.68,5.88,-0.2,-3.4,5192.91,2987.46
20031106,3906,600522.SH,5.65,5.68,5.26,5.36,5.68,-0.32,-5.63,9902.26,5325.999
20031107,3905,600522.SH,5.33,5.55,5.18,5.43,5.36,0.07,1.31,9425.9,5062.451
20031110,3904,600522.SH,5.4,5.43,5.26,5.37,5.43,-0.06,-1.11,4510.87,2411.27
20031111,3903,600522.SH,5.37,5.45,5.3,5.41,5.37,0.04,0.74,3366.56,1818.47
20031112,3902,600522.SH,5.39,5.54,5.3,5.46,5.41,0.05,0.92,6209.46,3378.485
20031113,3901,600522.SH,5.38,5.79,5.35,5.61,5.46,0.15,2.75,13556.54,7611.127
20031114,3900,600522.SH,5.55,5.71,5.5,5.64,5.61,0.03,0.53,7439.32,4171.486
20031117,3899,600522.SH,5.6,5.67,5.53,5.58,5.64,-0.06,-1.06,3548.0,1983.09
20031118,3898,600522.SH,5.54,5.6,5.4,5.42,5.58,-0.16,-2.87,3778.84,2065.903
20031119,3897,600522.SH,5.42,5.88,5.38,5.77,5.42,0.35,6.46,23596.62,13524.621
20031120,3896,600522.SH,5.76,6.35,5.7,6.35,5.77,0.58,10.05,63085.57,38985.633
20031121,3895,600522.SH,6.56,6.85,6.21,6.36,6.35,0.01,0.16,75196.32,49088.668
20031124,3894,600522.SH,6.31,6.55,6.16,6.47,6.36,0.11,1.73,28648.17,18288.576
20031125,3893,600522.SH,6.5,6.61,6.3,6.39,6.47,-0.08,-1.24,28223.86,18200.791
20031126,3892,600522.SH,6.36,6.45,6.24,6.4,6.39,0.01,0.16,15893.92,10038.759
20031127,3891,600522.SH,6.38,6.39,6.13,6.14,6.4,-0.26,-4.06,12563.01,7838.868
20031128,3890,600522.SH,6.09,6.29,6.09,6.18,6.14,0.04,0.65,9374.14,5796.013
20031201,3889,600522.SH,6.2,6.49,6.2,6.45,6.18,0.27,4.37,19492.56,12507.453
20031202,3888,600522.SH,6.53,6.55,6.39,6.4,6.45,-0.05,-0.78,15549.53,10050.594
20031203,3887,600522.SH,6.38,6.52,6.25,6.44,6.4,0.04,0.63,16362.59,10520.006
20031204,3886,600522.SH,6.39,6.48,6.2,6.35,6.44,-0.09,-1.4,14241.69,9006.775
20031208,3885,600522.SH,6.3,6.4,6.2,6.23,6.35,-0.12,-1.89,6497.16,4084.603
20031209,3884,600522.SH,6.22,6.35,6.2,6.31,6.23,0.08,1.28,5214.49,3281.617
20031210,3883,600522.SH,6.35,6.94,6.3,6.94,6.31,0.63,9.98,68867.97,46682.368
20031211,3882,600522.SH,7.18,7.58,7.01,7.07,6.94,0.13,1.87,139642.25,101260.254
20031212,3881,600522.SH,6.98,7.0,6.73,6.78,7.07,-0.29,-4.1,44070.0,30099.388
20031215,3880,600522.SH,6.74,6.86,6.68,6.72,6.78,-0.06,-0.89,16593.35,11216.832
20031216,3879,600522.SH,6.7,6.73,6.48,6.67,6.72,-0.05,-0.74,18674.95,12336.746
20031217,3878,600522.SH,6.61,6.71,6.48,6.49,6.67,-0.18,-2.7,18949.62,12470.626
20031218,3877,600522.SH,6.45,6.54,6.15,6.25,6.49,-0.24,-3.7,21900.35,13814.784
20031219,3876,600522.SH,6.25,6.35,5.63,5.7,6.25,-0.55,-8.8,36032.29,20959.633
20031222,3875,600522.SH,5.65,6.15,5.4,6.11,5.7,0.41,7.19,28711.47,16714.78
20031223,3874,600522.SH,6.02,6.24,5.98,6.09,6.11,-0.02,-0.33,21477.35,13117.551
20031224,3873,600522.SH,6.01,6.07,5.87,5.97,6.09,-0.12,-1.97,13283.76,7898.874
20031225,3872,600522.SH,5.98,6.13,5.86,6.07,5.97,0.1,1.68,12563.79,7548.861
20031226,3871,600522.SH,6.07,6.16,6.04,6.11,6.07,0.04,0.66,10066.53,6140.931
20031229,3870,600522.SH,6.05,6.05,5.86,5.9,6.11,-0.21,-3.44,9705.77,5751.479
20031230,3869,600522.SH,5.88,5.95,5.86,5.87,5.9,-0.03,-0.51,6968.1,4102.267
20031231,3868,600522.SH,5.87,5.88,5.65,5.72,5.87,-0.15,-2.56,9046.59,5185.374
20040102,3867,600522.SH,5.7,5.88,5.66,5.75,5.72,0.03,0.52,7043.7,4081.006
20040105,3866,600522.SH,5.74,5.91,5.7,5.9,5.75,0.15,2.61,14161.43,8219.005
20040106,3865,600522.SH,5.9,5.92,5.69,5.8,5.9,-0.1,-1.69,13978.97,8036.676
20040107,3864,600522.SH,5.81,6.08,5.74,6.06,5.8,0.26,4.48,20104.45,11943.129
20040108,3863,600522.SH,6.06,6.47,6.0,6.31,6.06,0.25,4.13,32167.9,20150.594
20040109,3862,600522.SH,6.32,6.39,6.1,6.11,6.31,-0.2,-3.17,22889.8,14275.683
20040112,3861,600522.SH,6.1,6.16,5.95,6.12,6.11,0.01,0.16,10942.28,6629.401
20040113,3860,600522.SH,6.12,6.3,6.01,6.27,6.12,0.15,2.45,16632.72,10297.381
20040114,3859,600522.SH,6.25,6.25,6.06,6.15,6.27,-0.12,-1.91,9938.05,6095.833
20040115,3858,600522.SH,6.1,6.27,6.07,6.15,6.15,0.0,0.0,9384.96,5788.932
20040116,3857,600522.SH,6.15,6.48,6.15,6.34,6.15,0.19,3.09,23312.32,14818.446
20040129,3856,600522.SH,6.36,6.75,6.35,6.74,6.34,0.4,6.31,29416.01,19519.564
20040130,3855,600522.SH,6.75,6.81,6.48,6.49,6.74,-0.25,-3.71,22710.11,15076.34
20040202,3854,600522.SH,6.55,6.99,6.5,6.95,6.49,0.46,7.09,37943.33,25738.226
20040203,3853,600522.SH,6.96,6.99,6.82,6.98,6.95,0.03,0.43,23808.67,16421.248
20040204,3852,600522.SH,6.98,7.13,6.93,7.12,6.98,0.14,2.01,34551.69,24283.975
20040205,3851,600522.SH,7.12,7.13,6.93,7.08,7.12,-0.04,-0.56,23560.41,16550.411
20040206,3850,600522.SH,7.08,7.08,6.78,6.79,7.08,-0.29,-4.1,27580.99,19060.191
20040209,3849,600522.SH,6.76,7.03,6.76,6.99,6.79,0.2,2.95,17946.91,12406.477
20040210,3848,600522.SH,6.99,7.24,6.95,7.23,6.99,0.24,3.43,41477.16,29617.382
20040211,3847,600522.SH,7.28,7.68,7.28,7.43,7.23,0.2,2.77,81848.63,61118.707
20040212,3846,600522.SH,7.45,7.62,7.36,7.52,7.43,0.09,1.21,35345.6,26569.401
20040213,3845,600522.SH,7.55,7.56,7.27,7.3,7.52,-0.22,-2.93,22176.95,16361.852
20040216,3844,600522.SH,7.31,7.65,7.31,7.64,7.3,0.34,4.66,24946.32,18821.987
20040217,3843,600522.SH,7.66,7.94,7.66,7.83,7.64,0.19,2.49,35754.67,27953.568
20040218,3842,600522.SH,7.85,7.9,7.7,7.78,7.83,-0.05,-0.64,26724.05,20730.917
20040219,3841,600522.SH,7.78,7.97,7.6,7.95,7.78,0.17,2.19,34056.62,26655.072
20040220,3840,600522.SH,7.92,7.96,7.74,7.88,7.95,-0.07,-0.88,16569.28,12951.27
20040223,3839,600522.SH,7.88,8.05,7.62,7.64,7.88,-0.24,-3.05,25944.64,20421.322
20040224,3838,600522.SH,7.6,7.6,7.28,7.37,7.64,-0.27,-3.53,24383.69,18010.161
20040225,3837,600522.SH,7.38,7.55,7.02,7.09,7.37,-0.28,-3.8,19085.79,13961.179
20040226,3836,600522.SH,7.09,7.19,7.02,7.18,7.09,0.09,1.27,16550.74,11746.717
20040227,3835,600522.SH,7.18,7.25,7.07,7.24,7.18,0.06,0.84,10268.97,7365.62
20040301,3834,600522.SH,7.25,7.34,7.15,7.33,7.24,0.09,1.24,10478.48,7600.568
20040302,3833,600522.SH,7.33,7.33,7.2,7.27,7.33,-0.06,-0.82,9819.93,7127.316
20040303,3832,600522.SH,7.26,7.26,6.96,6.99,7.27,-0.28,-3.85,13719.85,9713.734
20040304,3831,600522.SH,6.96,7.12,6.88,7.1,6.99,0.11,1.57,10541.09,7388.701
20040305,3830,600522.SH,7.1,7.18,7.02,7.03,7.1,-0.07,-0.99,7651.02,5432.976
20040308,3829,600522.SH,7.02,7.03,6.73,6.75,7.03,-0.28,-3.98,10495.19,7175.775
20040309,3828,600522.SH,6.75,6.82,6.59,6.6,6.75,-0.15,-2.22,8497.9,5708.123
20040310,3827,600522.SH,6.62,6.86,6.55,6.84,6.6,0.24,3.64,7770.81,5210.189
20040311,3826,600522.SH,6.82,6.94,6.78,6.88,6.84,0.04,0.58,8511.32,5850.757
20040312,3825,600522.SH,6.88,6.94,6.83,6.89,6.88,0.01,0.15,6453.45,4436.894
20040315,3824,600522.SH,6.85,7.16,6.83,7.09,6.89,0.2,2.9,10153.76,7105.227
20040316,3823,600522.SH,7.1,7.11,6.98,7.08,7.09,-0.01,-0.14,9279.17,6525.13
20040317,3822,600522.SH,7.08,7.08,6.93,7.02,7.08,-0.06,-0.85,6604.36,4616.441
20040318,3821,600522.SH,7.03,7.13,6.85,6.86,7.02,-0.16,-2.28,8076.47,5639.511
20040319,3820,600522.SH,6.85,7.0,6.8,6.96,6.86,0.1,1.46,6684.85,4599.122
20040322,3819,600522.SH,6.99,7.12,6.93,7.11,6.96,0.15,2.16,10468.43,7373.359
20040323,3818,600522.SH,7.12,7.13,6.96,7.04,7.11,-0.07,-0.98,7423.91,5213.243
20040324,3817,600522.SH,7.12,7.3,7.04,7.26,7.04,0.22,3.13,25312.45,18241.116
20040325,3816,600522.SH,7.22,7.28,7.08,7.21,7.26,-0.05,-0.69,11590.1,8328.428
20040326,3815,600522.SH,7.26,7.38,7.15,7.33,7.21,0.12,1.66,18773.21,13661.163
20040329,3814,600522.SH,7.35,7.37,7.1,7.15,7.33,-0.18,-2.46,9960.2,7162.371
20040330,3813,600522.SH,7.17,7.41,7.13,7.38,7.15,0.23,3.22,19073.12,13882.749
20040331,3812,600522.SH,7.32,7.43,7.27,7.4,7.38,0.02,0.27,16228.89,11965.557
20040401,3811,600522.SH,7.45,7.45,7.35,7.39,7.4,-0.01,-0.14,9022.8,6659.525
20040402,3810,600522.SH,7.43,7.49,7.33,7.42,7.39,0.03,0.41,17840.8,13213.771
20040405,3809,600522.SH,7.6,8.16,7.6,8.03,7.42,0.61,8.22,118204.97,93321.585
20040406,3808,600522.SH,7.98,7.98,7.75,7.86,8.03,-0.17,-2.12,39968.1,31395.382
20040407,3807,600522.SH,7.85,7.88,7.73,7.8,7.86,-0.06,-0.76,21261.3,16578.942
20040408,3806,600522.SH,7.8,7.86,7.75,7.8,7.8,0.0,0.0,15209.03,11863.44
20040409,3805,600522.SH,7.81,7.96,7.35,7.44,7.8,-0.36,-4.62,24589.31,18881.259
20040412,3804,600522.SH,7.4,7.53,7.3,7.45,7.44,0.01,0.13,12012.75,8922.172
20040413,3803,600522.SH,7.44,7.66,7.36,7.41,7.45,-0.04,-0.54,11122.28,8360.762
20040414,3802,600522.SH,7.39,7.42,7.08,7.2,7.41,-0.21,-2.83,14367.33,10368.831
20040415,3801,600522.SH,7.21,7.25,6.91,6.94,7.2,-0.26,-3.61,10538.0,7465.328
20040416,3800,600522.SH,6.9,7.07,6.76,7.05,6.94,0.11,1.59,11871.28,8230.274
20040419,3799,600522.SH,7.05,7.08,6.88,6.94,7.05,-0.11,-1.56,6163.19,4310.197
20040420,3798,600522.SH,6.91,7.0,6.8,6.94,6.94,0.0,0.0,4733.85,3262.861
20040421,3797,600522.SH,6.94,7.17,6.92,6.99,6.94,0.05,0.72,5658.06,3977.153
20040422,3796,600522.SH,6.96,7.15,6.96,7.14,6.99,0.15,2.15,7219.82,5109.328
20040423,3795,600522.SH,7.15,7.15,6.8,6.83,7.14,-0.31,-4.34,7513.93,5232.716
20040426,3794,600522.SH,6.84,6.96,6.67,6.73,6.83,-0.1,-1.46,6081.91,4126.765
20040427,3793,600522.SH,6.74,6.78,6.34,6.35,6.73,-0.38,-5.65,10935.0,7142.509
20040428,3792,600522.SH,6.32,6.58,6.25,6.49,6.35,0.14,2.2,5418.79,3499.326
20040429,3791,600522.SH,6.49,6.6,6.44,6.45,6.49,-0.04,-0.62,5756.77,3747.988
20040430,3790,600522.SH,6.46,6.69,6.42,6.54,6.45,0.09,1.4,4093.74,2672.136
20040510,3789,600522.SH,6.5,6.55,6.34,6.37,6.54,-0.17,-2.6,2336.5,1498.585
20040511,3788,600522.SH,6.28,6.53,6.28,6.46,6.37,0.09,1.41,2397.4,1542.874
20040512,3787,600522.SH,6.49,6.69,6.44,6.69,6.46,0.23,3.56,5720.53,3779.849
20040513,3786,600522.SH,6.7,6.7,6.56,6.68,6.69,-0.01,-0.15,2990.0,1985.821
20040514,3785,600522.SH,6.63,6.64,6.45,6.46,6.68,-0.22,-3.29,3074.0,2004.358
20040517,3784,600522.SH,6.47,6.73,6.44,6.65,6.46,0.19,2.94,4408.9,2909.999
20040518,3783,600522.SH,6.6,6.85,6.6,6.82,6.65,0.17,2.56,7355.45,4953.874
20040519,3782,600522.SH,6.82,6.97,6.74,6.79,6.82,-0.03,-0.44,10639.77,7308.734
20040520,3781,600522.SH,6.85,6.87,6.72,6.77,6.79,-0.02,-0.29,3727.94,2528.326
20040521,3780,600522.SH,6.75,6.89,6.75,6.87,6.77,0.1,1.48,3086.55,2108.133
20040524,3779,600522.SH,6.87,6.92,6.65,6.68,6.87,-0.19,-2.77,2946.79,1988.116
20040525,3778,600522.SH,6.65,6.65,6.41,6.42,6.68,-0.26,-3.89,4317.05,2807.385
20040526,3777,600522.SH,6.42,6.62,6.38,6.54,6.42,0.12,1.87,3012.81,1960.711
20040527,3776,600522.SH,6.54,6.76,6.46,6.72,6.54,0.18,2.75,4037.32,2687.529
20040528,3775,600522.SH,6.7,6.78,6.58,6.59,6.72,-0.13,-1.93,2539.51,1692.315
20040531,3774,600522.SH,6.58,6.7,6.56,6.68,6.59,0.09,1.37,2649.72,1761.706
20040601,3773,600522.SH,6.78,6.92,6.7,6.91,6.68,0.23,3.44,8238.93,5644.568
20040602,3772,600522.SH,6.92,6.94,6.82,6.87,6.91,-0.04,-0.58,6612.65,4542.461
20040603,3771,600522.SH,6.87,6.89,6.65,6.66,6.87,-0.21,-3.06,4181.0,2813.1
20040604,3770,600522.SH,6.63,6.92,6.58,6.78,6.66,0.12,1.8,6549.29,4448.017
20040607,3769,600522.SH,6.82,6.82,6.62,6.65,6.78,-0.13,-1.92,2762.39,1844.854
20040609,3768,600522.SH,6.58,6.63,6.3,6.32,6.65,-0.33,-4.96,6038.18,3888.189
20040610,3767,600522.SH,6.29,6.39,6.16,6.22,6.32,-0.1,-1.58,4285.89,2681.978
20040611,3766,600522.SH,6.25,6.44,6.22,6.22,6.22,0.0,0.0,2838.0,1799.623
20040614,3765,600522.SH,6.22,6.3,5.96,6.02,6.22,-0.2,-3.22,3858.46,2355.557
20040615,3764,600522.SH,6.0,6.18,5.98,6.17,6.02,0.15,2.49,2930.32,1776.984
20040616,3763,600522.SH,6.15,6.26,6.05,6.17,6.17,0.0,0.0,2483.5,1530.804
20040617,3762,600522.SH,6.17,6.26,6.03,6.07,6.17,-0.1,-1.62,2045.5,1250.827
20040618,3761,600522.SH,6.05,6.19,6.04,6.1,6.07,0.03,0.49,2097.36,1282.783
20040621,3760,600522.SH,6.07,6.26,6.07,6.26,6.1,0.16,2.62,2616.71,1624.506
20040622,3759,600522.SH,6.29,6.6,6.28,6.39,6.26,0.13,2.08,8006.53,5163.019
20040623,3758,600522.SH,6.35,6.43,6.25,6.34,6.39,-0.05,-0.78,2901.59,1839.02
20040624,3757,600522.SH,6.34,6.5,6.34,6.37,6.34,0.03,0.47,4721.01,3036.128
20040625,3756,600522.SH,6.37,6.43,6.04,6.09,6.37,-0.28,-4.4,3435.73,2150.508
20040628,3755,600522.SH,6.09,6.19,5.96,5.96,6.09,-0.13,-2.13,3587.08,2168.6
20040629,3754,600522.SH,5.96,6.1,5.8,6.03,5.96,0.07,1.17,3236.12,1923.979
20040630,3753,600522.SH,6.01,6.07,5.81,5.84,6.03,-0.19,-3.15,2156.44,1280.901
20040701,3752,600522.SH,5.84,6.08,5.84,6.07,5.84,0.23,3.94,3397.57,2041.488
20040702,3751,600522.SH,6.08,6.08,5.95,5.98,6.07,-0.09,-1.48,3360.86,2019.193
20040705,3750,600522.SH,6.03,6.03,5.94,5.99,5.98,0.01,0.17,1861.15,1112.726
20040706,3749,600522.SH,6.05,6.13,6.01,6.05,5.99,0.06,1.0,2298.32,1395.78
20040707,3748,600522.SH,6.03,6.05,5.9,5.96,6.05,-0.09,-1.49,1895.69,1131.171
20040708,3747,600522.SH,5.97,6.03,5.94,6.01,5.96,0.05,0.84,1365.6,817.049
20040709,3746,600522.SH,6.01,6.07,5.97,6.01,6.01,0.0,0.0,2486.01,1498.177
20040712,3745,600522.SH,6.04,6.2,6.03,6.13,6.01,0.12,2.0,15168.97,9275.402
20040713,3744,600522.SH,6.1,6.1,5.71,5.86,6.13,-0.27,-4.4,6899.21,4041.887
20040714,3743,600522.SH,5.85,5.85,5.45,5.6,5.86,-0.26,-4.44,6939.43,3889.736
20040715,3742,600522.SH,5.62,5.77,5.55,5.68,5.6,0.08,1.43,3443.14,1943.813
20040716,3741,600522.SH,5.69,5.89,5.67,5.88,5.68,0.2,3.52,6162.78,3578.91
20040719,3740,600522.SH,5.9,5.94,5.83,5.84,5.88,-0.04,-0.68,3528.9,2078.295
20040720,3739,600522.SH,5.8,5.83,5.67,5.7,5.84,-0.14,-2.4,3406.0,1946.454
20040721,3738,600522.SH,5.75,5.79,5.69,5.78,5.7,0.08,1.4,1801.18,1032.85
20040722,3737,600522.SH,5.75,5.91,5.74,5.79,5.78,0.01,0.17,6820.16,3968.432
20040723,3736,600522.SH,5.86,6.3,5.83,6.08,5.79,0.29,5.01,29719.7,18026.323
20040726,3735,600522.SH,6.0,6.14,5.92,6.08,6.08,0.0,0.0,9828.9,5929.621
20040727,3734,600522.SH,6.08,6.18,6.0,6.12,6.08,0.04,0.66,7360.5,4481.375
20040728,3733,600522.SH,6.04,6.2,6.04,6.16,6.12,0.04,0.65,6984.16,4286.753
20040729,3732,600522.SH,6.19,6.24,6.11,6.23,6.16,0.07,1.14,8849.07,5467.978
20040730,3731,600522.SH,6.23,6.23,6.01,6.03,6.23,-0.2,-3.21,6437.19,3910.82
20040802,3730,600522.SH,5.96,6.0,5.81,5.89,6.03,-0.14,-2.32,3898.12,2304.444
20040803,3729,600522.SH,5.93,5.95,5.8,5.9,5.89,0.01,0.17,3883.39,2277.014
20040804,3728,600522.SH,5.9,6.15,5.88,6.08,5.9,0.18,3.05,5286.67,3195.042
20040805,3727,600522.SH,6.08,6.1,5.93,5.94,6.08,-0.14,-2.3,3055.0,1838.839
20040806,3726,600522.SH,5.96,5.96,5.78,5.81,5.94,-0.13,-2.19,4733.54,2767.843
20040809,3725,600522.SH,5.81,5.9,5.79,5.88,5.81,0.07,1.2,1738.0,1014.607
20040810,3724,600522.SH,5.88,5.9,5.81,5.9,5.88,0.02,0.34,1412.1,827.342
20040811,3723,600522.SH,5.9,5.9,5.75,5.77,5.9,-0.13,-2.2,1903.67,1103.492
20040812,3722,600522.SH,5.72,5.73,5.55,5.6,5.77,-0.17,-2.95,3428.32,1929.612
20040813,3721,600522.SH,5.69,5.69,5.47,5.55,5.6,-0.05,-0.89,2700.91,1501.6
20040816,3720,600522.SH,5.7,5.83,5.62,5.76,5.55,0.21,3.78,5173.29,2961.635
20040817,3719,600522.SH,5.76,5.78,5.62,5.7,5.76,-0.06,-1.04,2459.47,1399.721
20040818,3718,600522.SH,5.7,5.78,5.64,5.64,5.7,-0.06,-1.05,1932.84,1104.862
20040819,3717,600522.SH,5.63,5.63,5.5,5.54,5.64,-0.1,-1.77,2795.69,1543.292
20040820,3716,600522.SH,5.54,5.59,5.3,5.44,5.54,-0.1,-1.81,3475.53,1899.931
20040823,3715,600522.SH,5.44,5.52,5.28,5.4,5.44,-0.04,-0.74,1494.0,800.098
20040824,3714,600522.SH,5.3,5.73,5.3,5.52,5.4,0.12,2.22,1946.6,1074.871
20040825,3713,600522.SH,5.51,5.54,5.48,5.5,5.52,-0.02,-0.36,964.0,530.414
20040826,3712,600522.SH,5.51,5.52,5.44,5.49,5.5,-0.01,-0.18,1161.0,634.982
20040827,3711,600522.SH,5.49,5.49,5.36,5.38,5.49,-0.11,-2.0,1501.0,810.159
20040830,3710,600522.SH,5.33,5.45,5.33,5.44,5.38,0.06,1.12,704.55,381.083
20040831,3709,600522.SH,5.61,5.88,5.55,5.58,5.44,0.14,2.57,2937.78,1649.698
20040901,3708,600522.SH,5.58,5.58,5.46,5.48,5.58,-0.1,-1.79,1647.0,904.269
20040902,3707,600522.SH,5.47,5.6,5.43,5.59,5.48,0.11,2.01,1937.0,1068.908
20040903,3706,600522.SH,5.6,5.63,5.55,5.57,5.59,-0.02,-0.36,1313.18,732.676
20040906,3705,600522.SH,5.65,5.65,5.52,5.56,5.57,-0.01,-0.18,675.0,375.049
20040907,3704,600522.SH,5.54,5.58,5.52,5.56,5.56,0.0,0.0,534.0,296.131
20040908,3703,600522.SH,5.6,5.61,5.56,5.58,5.56,0.02,0.36,1217.0,679.262
20040909,3702,600522.SH,5.56,5.56,5.4,5.41,5.58,-0.17,-3.05,2011.3,1095.044
20040910,3701,600522.SH,5.44,5.49,5.38,5.48,5.41,0.07,1.29,1668.0,905.466
20040913,3700,600522.SH,5.51,5.51,5.42,5.47,5.48,-0.01,-0.18,3437.0,1876.011
20040914,3699,600522.SH,5.5,5.7,5.5,5.64,5.47,0.17,3.11,4832.97,2703.006
20040915,3698,600522.SH,5.79,6.18,5.79,6.05,5.64,0.41,7.27,30337.7,18240.695
20040916,3697,600522.SH,5.98,6.05,5.85,6.01,6.05,-0.04,-0.66,12982.51,7726.158
20040917,3696,600522.SH,6.0,6.17,5.91,6.13,6.01,0.12,2.0,13091.86,7942.373
20040920,3695,600522.SH,6.18,6.33,6.07,6.3,6.13,0.17,2.77,18870.51,11701.088
20040921,3694,600522.SH,6.3,6.45,6.14,6.2,6.3,-0.1,-1.59,18519.03,11603.086
20040922,3693,600522.SH,6.15,6.23,6.01,6.04,6.2,-0.16,-2.58,12149.9,7417.66
20040923,3692,600522.SH,6.07,6.27,6.01,6.26,6.04,0.22,3.64,8285.12,5081.457
20040924,3691,600522.SH,6.3,6.34,5.93,5.97,6.26,-0.29,-4.63,14108.11,8770.026
20040927,3690,600522.SH,6.17,6.17,5.87,5.98,5.97,0.01,0.17,6333.96,3794.354
20040928,3689,600522.SH,6.04,6.04,5.9,5.96,5.98,-0.02,-0.33,2827.0,1683.161
20040929,3688,600522.SH,6.01,6.01,5.92,5.93,5.96,-0.03,-0.5,2545.49,1516.521
20040930,3687,600522.SH,5.92,5.95,5.76,5.78,5.93,-0.15,-2.53,2924.0,1708.403
20041008,3686,600522.SH,6.01,6.01,5.76,5.98,5.78,0.2,3.46,2300.61,1347.256
20041011,3685,600522.SH,5.97,6.2,5.9,6.13,5.98,0.15,2.51,10741.17,6538.643
20041012,3684,600522.SH,6.16,6.2,6.04,6.06,6.13,-0.07,-1.14,8059.81,4936.535
20041013,3683,600522.SH,6.04,6.24,6.01,6.23,6.06,0.17,2.81,7024.25,4317.25
20041014,3682,600522.SH,6.24,6.25,5.7,5.74,6.23,-0.49,-7.87,6857.97,4102.974
20041015,3681,600522.SH,5.75,5.8,5.6,5.7,5.74,-0.04,-0.7,4856.86,2761.28
20041018,3680,600522.SH,5.77,5.8,5.68,5.75,5.7,0.05,0.88,2457.82,1411.47
20041019,3679,600522.SH,5.75,5.91,5.7,5.71,5.75,-0.04,-0.7,3360.06,1951.938
20041020,3678,600522.SH,5.77,5.77,5.55,5.68,5.71,-0.03,-0.53,3797.22,2132.99
20041021,3677,600522.SH,5.68,5.79,5.42,5.5,5.68,-0.18,-3.17,4587.5,2561.98
20041022,3676,600522.SH,5.55,5.65,5.32,5.64,5.5,0.14,2.55,5277.08,2899.172
20041025,3675,600522.SH,5.62,5.74,5.38,5.42,5.64,-0.22,-3.9,4701.9,2587.206
20041026,3674,600522.SH,5.5,5.5,5.31,5.5,5.42,0.08,1.48,3873.25,2096.804
20041027,3673,600522.SH,5.5,5.67,5.42,5.65,5.5,0.15,2.73,5051.02,2794.388
20041028,3672,600522.SH,5.73,6.18,5.72,5.77,5.65,0.12,2.12,14032.63,8277.776
20041029,3671,600522.SH,5.67,5.95,5.31,5.81,5.77,0.04,0.69,10110.32,5839.756
20041101,3670,600522.SH,5.85,6.0,5.76,5.85,5.81,0.04,0.69,10900.93,6430.52
20041102,3669,600522.SH,5.82,5.89,5.65,5.85,5.85,0.0,0.0,4180.2,2412.91
20041103,3668,600522.SH,6.0,6.09,5.91,6.03,5.85,0.18,3.08,11821.59,7100.263
20041104,3667,600522.SH,6.03,6.03,5.78,5.8,6.03,-0.23,-3.81,6468.11,3820.113
20041105,3666,600522.SH,5.93,5.93,5.78,5.85,5.8,0.05,0.86,4565.94,2675.104
20041108,3665,600522.SH,5.81,5.94,5.79,5.91,5.85,0.06,1.03,2732.7,1608.581
20041109,3664,600522.SH,5.9,5.9,5.81,5.83,5.91,-0.08,-1.35,2963.0,1732.3
20041110,3663,600522.SH,5.88,6.13,5.83,6.12,5.83,0.29,4.97,13850.51,8383.355
20041111,3662,600522.SH,6.12,6.27,6.05,6.16,6.12,0.04,0.65,22616.79,13984.134
20041112,3661,600522.SH,6.16,6.24,6.07,6.1,6.16,-0.06,-0.97,7750.31,4757.14
20041115,3660,600522.SH,6.1,6.18,6.08,6.14,6.1,0.04,0.66,6019.03,3684.45
20041116,3659,600522.SH,6.15,6.18,6.02,6.1,6.14,-0.04,-0.65,5802.99,3539.867
20041117,3658,600522.SH,6.15,6.2,6.04,6.08,6.1,-0.02,-0.33,3934.47,2394.74
20041118,3657,600522.SH,6.08,6.3,6.0,6.28,6.08,0.2,3.29,13675.42,8494.288
20041119,3656,600522.SH,6.28,6.49,6.21,6.33,6.28,0.05,0.8,27190.52,17366.888
20041122,3655,600522.SH,6.35,6.43,6.28,6.3,6.33,-0.03,-0.47,12233.51,7766.322
20041123,3654,600522.SH,6.3,6.49,6.26,6.4,6.3,0.1,1.59,12515.71,7981.412
20041124,3653,600522.SH,6.36,6.39,6.12,6.12,6.4,-0.28,-4.38,9920.36,6188.063
20041125,3652,600522.SH,6.08,6.16,6.06,6.08,6.12,-0.04,-0.65,7319.96,4467.528
20041126,3651,600522.SH,6.1,6.16,6.06,6.1,6.08,0.02,0.33,3718.19,2268.462
20041129,3650,600522.SH,6.1,6.1,5.91,5.92,6.1,-0.18,-2.95,5442.5,3261.129
20041130,3649,600522.SH,5.89,6.0,5.89,6.0,5.92,0.08,1.35,2338.9,1395.679
20041201,3648,600522.SH,6.03,6.11,5.95,6.02,6.0,0.02,0.33,3732.0,2253.714
20041202,3647,600522.SH,6.0,6.18,5.98,6.15,6.02,0.13,2.16,4035.47,2451.529
20041203,3646,600522.SH,6.15,6.25,6.11,6.19,6.15,0.04,0.65,7123.43,4409.117
20041206,3645,600522.SH,6.21,6.24,6.15,6.19,6.19,0.0,0.0,3633.79,2252.069
20041207,3644,600522.SH,6.23,6.28,6.05,6.07,6.19,-0.12,-1.94,4735.0,2921.895
20041208,3643,600522.SH,6.15,6.18,6.02,6.15,6.07,0.08,1.32,2548.13,1551.013
20041209,3642,600522.SH,6.18,6.2,6.05,6.16,6.15,0.01,0.16,2265.5,1391.278
20041210,3641,600522.SH,6.16,6.16,5.88,5.94,6.16,-0.22,-3.57,6999.79,4158.555
20041213,3640,600522.SH,5.9,5.98,5.79,5.97,5.94,0.03,0.51,2598.61,1523.331
20041214,3639,600522.SH,5.95,5.98,5.84,5.86,5.97,-0.11,-1.84,1449.01,855.253
20041215,3638,600522.SH,5.89,5.89,5.65,5.78,5.86,-0.08,-1.37,4020.29,2298.51
20041216,3637,600522.SH,5.8,5.8,5.68,5.69,5.78,-0.09,-1.56,2196.3,1261.121
20041217,3636,600522.SH,5.68,5.78,5.65,5.66,5.69,-0.03,-0.53,1347.0,764.765
20041220,3635,600522.SH,5.66,5.73,5.58,5.69,5.66,0.03,0.53,1513.95,860.278
20041221,3634,600522.SH,5.73,5.75,5.66,5.7,5.69,0.01,0.18,1320.01,752.905
20041222,3633,600522.SH,5.65,5.97,5.65,5.94,5.7,0.24,4.21,3881.1,2262.727
20041223,3632,600522.SH,5.87,5.92,5.75,5.8,5.94,-0.14,-2.36,2898.97,1697.235
20041224,3631,600522.SH,5.8,5.94,5.76,5.93,5.8,0.13,2.24,3627.58,2137.324
20041227,3630,600522.SH,6.1,6.16,5.84,5.9,5.93,-0.03,-0.51,7680.06,4550.099
20041228,3629,600522.SH,5.95,5.95,5.8,5.88,5.9,-0.02,-0.34,1767.81,1036.439
20041229,3628,600522.SH,5.88,6.0,5.86,5.9,5.88,0.02,0.34,5595.75,3328.445
20041230,3627,600522.SH,5.95,5.95,5.72,5.84,5.9,-0.06,-1.02,2303.2,1341.715
20041231,3626,600522.SH,5.92,6.05,5.85,5.88,5.84,0.04,0.68,11236.69,6713.586
20050104,3625,600522.SH,5.88,5.89,5.7,5.72,5.88,-0.16,-2.72,4266.02,2459.552
20050105,3624,600522.SH,5.88,6.0,5.76,5.95,5.72,0.23,4.02,8782.23,5191.466
20050106,3623,600522.SH,5.91,5.95,5.83,5.89,5.95,-0.06,-1.01,2389.5,1406.444
20050107,3622,600522.SH,5.86,6.04,5.81,6.04,5.89,0.15,2.55,6675.1,3991.705
20050110,3621,600522.SH,6.04,6.09,5.97,6.08,6.04,0.04,0.66,6327.62,3814.536
20050111,3620,600522.SH,6.1,6.1,6.0,6.07,6.08,-0.01,-0.16,4788.4,2895.542
20050112,3619,600522.SH,6.03,6.07,5.93,6.05,6.07,-0.02,-0.33,3588.75,2150.276
20050113,3618,600522.SH,6.05,6.38,6.04,6.25,6.05,0.2,3.31,35325.85,22209.402
20050114,3617,600522.SH,6.25,6.33,6.08,6.1,6.25,-0.15,-2.4,16361.13,10184.001
20050117,3616,600522.SH,5.99,6.29,5.95,6.29,6.1,0.19,3.11,20770.93,12856.148
20050118,3615,600522.SH,6.28,6.44,6.23,6.42,6.29,0.13,2.07,25211.03,15990.506
20050119,3614,600522.SH,6.39,6.4,6.27,6.33,6.42,-0.09,-1.4,10960.72,6939.321
20050120,3613,600522.SH,6.3,6.3,6.19,6.25,6.33,-0.08,-1.26,10590.27,6625.293
20050121,3612,600522.SH,6.22,6.45,6.0,6.41,6.25,0.16,2.56,26517.28,16792.336
20050124,3611,600522.SH,6.53,6.7,6.38,6.41,6.41,0.0,0.0,29535.1,19226.701
20050126,3610,600522.SH,6.31,6.35,6.16,6.2,6.41,-0.21,-3.28,10120.03,6309.721
20050127,3609,600522.SH,6.14,6.27,6.11,6.16,6.2,-0.04,-0.65,8429.03,5221.627
20050128,3608,600522.SH,6.15,6.22,5.75,5.75,6.16,-0.41,-6.66,15435.01,9164.092
20050131,3607,600522.SH,5.61,5.75,5.56,5.61,5.75,-0.14,-2.43,7459.76,4194.208
20050201,3606,600522.SH,5.6,5.69,5.36,5.37,5.61,-0.24,-4.28,9067.03,4993.865
20050202,3605,600522.SH,5.36,5.8,5.3,5.7,5.37,0.33,6.15,13458.52,7563.491
20050203,3604,600522.SH,5.7,5.77,5.58,5.6,5.7,-0.1,-1.75,8536.52,4830.346
20050204,3603,600522.SH,5.87,5.87,5.61,5.74,5.6,0.14,2.5,5660.96,3232.962
20050216,3602,600522.SH,5.84,5.86,5.7,5.76,5.74,0.02,0.35,4775.0,2764.198
20050217,3601,600522.SH,5.75,5.93,5.7,5.89,5.76,0.13,2.26,5418.54,3141.95
20050218,3600,600522.SH,5.88,5.88,5.7,5.7,5.89,-0.19,-3.23,4256.34,2461.567
20050221,3599,600522.SH,5.69,5.83,5.69,5.8,5.7,0.1,1.75,2861.99,1650.458
20050222,3598,600522.SH,5.81,5.94,5.81,5.9,5.8,0.1,1.72,8987.8,5292.616
20050223,3597,600522.SH,5.89,6.09,5.67,6.01,5.9,0.11,1.86,10803.33,6457.1
20050224,3596,600522.SH,5.95,6.1,5.92,6.01,6.01,0.0,0.0,6882.85,4134.189
20050225,3595,600522.SH,6.01,6.18,5.98,6.06,6.01,0.05,0.83,12037.09,7310.148
20050228,3594,600522.SH,6.0,6.16,6.0,6.15,6.06,0.09,1.49,10320.69,6291.538
20050301,3593,600522.SH,6.25,6.28,6.04,6.06,6.15,-0.09,-1.46,13684.11,8435.54
20050302,3592,600522.SH,6.03,6.13,5.88,5.89,6.06,-0.17,-2.81,9217.64,5530.914
20050303,3591,600522.SH,5.89,6.03,5.85,6.0,5.89,0.11,1.87,4983.91,2962.071
20050304,3590,600522.SH,5.95,6.05,5.89,5.9,6.0,-0.1,-1.67,3331.0,1984.444
20050307,3589,600522.SH,5.97,5.98,5.88,5.93,5.9,0.03,0.51,2941.9,1741.707
20050308,3588,600522.SH,5.98,6.12,5.93,6.1,5.93,0.17,2.87,6525.13,3947.707
20050309,3587,600522.SH,6.12,6.16,6.04,6.14,6.1,0.04,0.66,7390.5,4517.928
20050310,3586,600522.SH,6.14,6.14,5.87,5.89,6.14,-0.25,-4.07,8547.92,5117.694
20050311,3585,600522.SH,5.88,5.96,5.82,5.91,5.89,0.02,0.34,4704.0,2779.832
20050314,3584,600522.SH,5.84,5.91,5.67,5.71,5.91,-0.2,-3.38,8421.68,4848.854
20050315,3583,600522.SH,5.73,5.79,5.7,5.71,5.71,0.0,0.0,4330.92,2481.297
20050316,3582,600522.SH,5.67,5.75,5.65,5.67,5.71,-0.04,-0.7,3445.99,1961.75
20050317,3581,600522.SH,5.68,5.79,5.68,5.71,5.67,0.04,0.71,2724.54,1560.838
20050318,3580,600522.SH,5.75,5.75,5.4,5.47,5.71,-0.24,-4.2,5932.6,3281.066
20050321,3579,600522.SH,5.4,5.54,5.4,5.52,5.47,0.05,0.91,2520.5,1384.535
20050322,3578,600522.SH,5.52,5.53,5.29,5.32,5.52,-0.2,-3.62,5181.43,2779.883
20050323,3577,600522.SH,5.32,5.35,4.79,4.96,5.32,-0.36,-6.77,15585.6,7745.034
20050324,3576,600522.SH,4.89,5.02,4.81,5.0,4.96,0.04,0.81,6779.07,3320.778
20050325,3575,600522.SH,4.99,4.99,4.88,4.9,5.0,-0.1,-2.0,4446.4,2188.718
20050328,3574,600522.SH,4.89,4.89,4.62,4.76,4.9,-0.14,-2.86,6054.05,2871.91
20050329,3573,600522.SH,4.77,4.82,4.74,4.76,4.76,0.0,0.0,3258.16,1555.083
20050330,3572,600522.SH,4.76,4.76,4.63,4.64,4.76,-0.12,-2.52,5200.79,2430.645
20050331,3571,600522.SH,4.6,4.69,4.58,4.66,4.64,0.02,0.43,3448.23,1597.204
20050401,3570,600522.SH,4.64,4.9,4.41,4.84,4.66,0.18,3.86,7057.3,3325.677
20050404,3569,600522.SH,4.81,4.81,4.65,4.67,4.84,-0.17,-3.51,4059.0,1915.162
20050405,3568,600522.SH,4.65,4.72,4.58,4.58,4.67,-0.09,-1.93,2548.0,1182.266
20050406,3567,600522.SH,4.53,4.67,4.45,4.62,4.58,0.04,0.87,5526.41,2514.525
20050407,3566,600522.SH,4.62,4.85,4.6,4.75,4.62,0.13,2.81,8451.71,4033.246
20050408,3565,600522.SH,4.75,4.98,4.73,4.95,4.75,0.2,4.21,8793.8,4283.397
20050411,3564,600522.SH,4.9,4.99,4.85,4.91,4.95,-0.04,-0.81,5366.85,2633.048
20050412,3563,600522.SH,4.88,4.93,4.74,4.74,4.91,-0.17,-3.46,3515.0,1692.548
20050413,3562,600522.SH,4.78,4.93,4.78,4.89,4.74,0.15,3.16,4635.89,2254.155
20050414,3561,600522.SH,4.95,4.95,4.74,4.74,4.89,-0.15,-3.07,2538.0,1224.299
20050415,3560,600522.SH,4.76,4.76,4.52,4.56,4.74,-0.18,-3.8,4475.0,2060.65
20050418,3559,600522.SH,4.42,4.5,4.21,4.26,4.56,-0.3,-6.58,5839.93,2499.597
20050419,3558,600522.SH,4.25,4.36,4.25,4.34,4.26,0.08,1.88,3264.79,1401.882
20050420,3557,600522.SH,4.26,4.28,4.11,4.27,4.34,-0.07,-1.61,8966.99,3756.77
20050421,3556,600522.SH,4.25,4.33,4.2,4.23,4.27,-0.04,-0.94,5561.1,2369.258
20050422,3555,600522.SH,4.27,4.51,4.27,4.4,4.23,0.17,4.02,17271.23,7554.011
20050425,3554,600522.SH,4.4,4.43,4.0,4.15,4.4,-0.25,-5.68,7374.19,3072.611
20050426,3553,600522.SH,4.11,4.37,4.1,4.3,4.15,0.15,3.61,5541.45,2355.038
20050427,3552,600522.SH,4.35,4.36,4.15,4.15,4.3,-0.15,-3.49,4104.0,1733.601
20050428,3551,600522.SH,4.1,4.34,3.96,4.32,4.15,0.17,4.1,6784.29,2852.623
20050429,3550,600522.SH,4.32,4.35,4.14,4.18,4.32,-0.14,-3.24,4381.68,1853.272
20050509,3549,600522.SH,4.25,4.25,3.96,3.98,4.18,-0.2,-4.78,3381.0,1375.875
20050510,3548,600522.SH,3.96,3.96,3.58,3.76,3.98,-0.22,-5.53,8717.8,3227.001
20050511,3547,600522.SH,3.74,3.82,3.65,3.79,3.76,0.03,0.8,4403.01,1654.216
20050512,3546,600522.SH,3.81,3.9,3.71,3.82,3.79,0.03,0.79,3766.83,1431.159
20050513,3545,600522.SH,3.8,3.96,3.8,3.9,3.82,0.08,2.09,5973.24,2321.917
20050516,3544,600522.SH,3.9,3.98,3.87,3.91,3.9,0.01,0.26,3655.51,1432.381
20050517,3543,600522.SH,3.87,4.01,3.87,3.93,3.91,0.02,0.51,3734.08,1478.781
20050518,3542,600522.SH,3.98,4.06,3.94,4.01,3.93,0.08,2.04,4742.9,1895.328
20050519,3541,600522.SH,4.05,4.05,3.95,4.02,4.01,0.01,0.25,5947.81,2384.984
20050520,3540,600522.SH,3.98,4.02,3.87,3.88,4.02,-0.14,-3.48,3148.0,1245.662
20050523,3539,600522.SH,3.9,3.9,3.67,3.74,3.88,-0.14,-3.61,3849.11,1435.642
20050524,3538,600522.SH,3.71,3.95,3.71,3.91,3.74,0.17,4.55,4878.9,1883.906
20050525,3537,600522.SH,3.97,4.03,3.91,4.02,3.91,0.11,2.81,7777.74,3097.927
20050527,3536,600522.SH,3.94,4.15,3.81,4.13,4.02,0.11,2.74,16207.9,6613.83
20050530,3535,600522.SH,4.14,4.32,4.1,4.27,4.13,0.14,3.39,23492.72,9921.252
20050531,3534,600522.SH,4.25,4.27,4.15,4.18,4.27,-0.09,-2.11,11041.36,4640.908
20050601,3533,600522.SH,4.13,4.24,4.06,4.2,4.18,0.02,0.48,7963.88,3308.552
20050602,3532,600522.SH,4.18,4.26,4.13,4.16,4.2,-0.04,-0.95,6145.7,2576.555
20050603,3531,600522.SH,4.15,4.21,4.05,4.1,4.16,-0.06,-1.44,4074.0,1688.49
20050606,3530,600522.SH,4.06,4.18,3.96,4.15,4.1,0.05,1.22,4954.45,2013.419
20050607,3529,600522.SH,4.16,4.3,4.1,4.22,4.15,0.07,1.69,9953.85,4208.266
20050608,3528,600522.SH,4.2,4.56,4.2,4.51,4.22,0.29,6.87,19004.04,8359.228
20050609,3527,600522.SH,4.45,4.68,4.3,4.55,4.51,0.04,0.89,20176.04,9124.373
20050610,3526,600522.SH,4.58,4.58,4.39,4.39,4.55,-0.16,-3.52,8150.49,3611.596
20050613,3525,600522.SH,4.39,4.47,4.29,4.41,4.39,0.02,0.46,4578.99,2008.567
20050614,3524,600522.SH,4.41,4.48,4.23,4.25,4.41,-0.16,-3.63,5759.9,2514.568
20050615,3523,600522.SH,4.21,4.27,4.13,4.15,4.25,-0.1,-2.35,4284.89,1796.113
20050616,3522,600522.SH,4.15,4.22,4.04,4.13,4.15,-0.02,-0.48,3558.48,1461.422
20050617,3521,600522.SH,4.2,4.2,4.09,4.15,4.13,0.02,0.48,3468.1,1431.084
20050620,3520,600522.SH,4.15,4.3,3.93,4.28,4.15,0.13,3.13,8671.98,3584.025
20050621,3519,600522.SH,4.28,4.28,4.12,4.13,4.28,-0.15,-3.5,3799.01,1591.794
20050622,3518,600522.SH,4.13,4.18,4.08,4.14,4.13,0.01,0.24,2468.5,1018.911
20050623,3517,600522.SH,4.12,4.18,4.05,4.09,4.14,-0.05,-1.21,5283.07,2175.674
20050624,3516,600522.SH,4.15,4.15,4.06,4.12,4.09,0.03,0.73,2748.06,1125.37
20050627,3515,600522.SH,4.12,4.28,4.12,4.25,4.12,0.13,3.16,7202.98,3053.157
20050628,3514,600522.SH,4.23,4.23,4.11,4.12,4.25,-0.13,-3.06,3475.0,1442.896
20050629,3513,600522.SH,4.11,4.23,4.11,4.15,4.12,0.03,0.73,3313.84,1386.785
20050630,3512,600522.SH,4.15,4.15,3.97,3.97,4.15,-0.18,-4.34,4076.0,1649.109
20050701,3511,600522.SH,3.95,3.95,3.65,3.67,3.97,-0.3,-7.56,6060.7,2284.674
20050704,3510,600522.SH,3.67,3.67,3.48,3.61,3.67,-0.06,-1.63,4656.41,1657.291
20050705,3509,600522.SH,3.63,3.65,3.56,3.59,3.61,-0.02,-0.55,2567.0,921.458
20050706,3508,600522.SH,3.6,3.62,3.5,3.57,3.59,-0.02,-0.56,1702.0,608.818
20050707,3507,600522.SH,3.57,3.66,3.57,3.64,3.57,0.07,1.96,2324.62,844.599
20050708,3506,600522.SH,3.62,3.67,3.51,3.59,3.64,-0.05,-1.37,3696.1,1314.8
20050711,3505,600522.SH,3.62,3.74,3.61,3.62,3.59,0.03,0.84,6077.09,2227.902
20050712,3504,600522.SH,3.6,3.68,3.33,3.64,3.62,0.02,0.55,9129.98,3238.967
20050713,3503,600522.SH,3.65,3.74,3.6,3.74,3.64,0.1,2.75,9657.76,3573.351
20050714,3502,600522.SH,3.82,3.82,3.68,3.73,3.74,-0.01,-0.27,5186.59,1937.619
20050715,3501,600522.SH,3.68,3.76,3.48,3.48,3.73,-0.25,-6.7,7008.11,2488.186
20050718,3500,600522.SH,3.46,3.46,3.35,3.36,3.48,-0.12,-3.45,3182.46,1079.645
20050719,3499,600522.SH,3.3,3.51,3.3,3.5,3.36,0.14,4.17,2839.25,973.978
20050720,3498,600522.SH,3.55,3.61,3.45,3.54,3.5,0.04,1.14,4062.85,1441.157
20050721,3497,600522.SH,3.5,3.54,3.4,3.49,3.54,-0.05,-1.41,3901.0,1345.087
20050722,3496,600522.SH,3.52,3.66,3.51,3.58,3.49,0.09,2.58,7197.28,2589.501
20050725,3495,600522.SH,3.53,3.63,3.53,3.57,3.58,-0.01,-0.28,3201.97,1148.518
20050726,3494,600522.SH,3.56,3.74,3.56,3.66,3.57,0.09,2.52,7318.21,2683.203
20050727,3493,600522.SH,3.62,3.77,3.62,3.74,3.66,0.08,2.19,8413.09,3127.643
20050728,3492,600522.SH,3.74,3.77,3.67,3.71,3.74,-0.03,-0.8,8720.32,3236.327
20050729,3491,600522.SH,3.74,3.74,3.63,3.72,3.71,0.01,0.27,5036.55,1857.409
20050801,3490,600522.SH,3.72,3.85,3.64,3.84,3.72,0.12,3.23,6761.96,2541.908
20050802,3489,600522.SH,3.8,3.87,3.74,3.86,3.84,0.02,0.52,10467.69,3981.354
20050803,3488,600522.SH,3.84,4.09,3.84,4.06,3.86,0.2,5.18,29386.98,11708.406
20050804,3487,600522.SH,4.03,4.11,3.92,4.08,4.06,0.02,0.49,24207.37,9788.592
20050805,3486,600522.SH,4.08,4.49,4.07,4.49,4.08,0.41,10.05,33208.08,14209.223
20050808,3485,600522.SH,4.94,4.94,4.89,4.94,4.49,0.45,10.02,70179.01,34639.795
20050809,3484,600522.SH,5.18,5.4,5.11,5.29,4.94,0.35,7.09,148584.7,78165.186
20050810,3483,600522.SH,5.2,5.23,4.96,5.17,5.29,-0.12,-2.27,71168.66,36464.742
20050811,3482,600522.SH,5.12,5.2,4.99,5.13,5.17,-0.04,-0.77,53686.01,27363.263
20050812,3481,600522.SH,5.06,5.08,4.88,4.99,5.13,-0.14,-2.73,58520.66,29119.644
20050815,3480,600522.SH,4.94,5.08,4.9,5.02,4.99,0.03,0.6,45124.74,22565.051
20050816,3479,600522.SH,5.02,5.11,4.92,5.05,5.02,0.03,0.6,40863.97,20594.272
20050817,3478,600522.SH,5.05,5.22,4.99,5.2,5.05,0.15,2.97,60017.39,30787.189
20050818,3477,600522.SH,5.19,5.19,4.7,4.72,5.2,-0.48,-9.23,51321.65,25729.718
20050819,3476,600522.SH,4.7,4.85,4.51,4.64,4.72,-0.08,-1.69,31100.44,14415.682
20050822,3475,600522.SH,4.54,4.73,4.52,4.68,4.64,0.04,0.86,16933.05,7871.074
20050823,3474,600522.SH,4.68,4.68,4.56,4.6,4.68,-0.08,-1.71,11325.45,5220.107
20050824,3473,600522.SH,4.59,4.71,4.56,4.7,4.6,0.1,2.17,14084.09,6548.821
20050825,3472,600522.SH,4.7,4.89,4.65,4.86,4.7,0.16,3.4,25970.77,12392.813
20050826,3471,600522.SH,4.87,5.02,4.65,4.85,4.86,-0.01,-0.21,31841.39,15379.461
20050829,3470,600522.SH,4.8,4.8,4.61,4.61,4.85,-0.24,-4.95,16020.43,7491.411
20050830,3469,600522.SH,4.62,4.68,4.56,4.58,4.61,-0.03,-0.65,11433.0,5284.145
20050831,3468,600522.SH,4.55,4.75,4.52,4.73,4.58,0.15,3.28,11907.64,5524.279
20050901,3467,600522.SH,4.7,4.9,4.68,4.85,4.73,0.12,2.54,23206.26,11210.462
20050902,3466,600522.SH,4.5,4.8,4.4,4.73,4.85,-0.12,-2.47,30501.61,14349.858
20050905,3465,600522.SH,4.71,4.83,4.71,4.8,4.73,0.07,1.48,18326.89,8771.743
20050906,3464,600522.SH,4.81,4.98,4.7,4.74,4.8,-0.06,-1.25,30254.02,14793.7
20050907,3463,600522.SH,4.88,4.88,4.71,4.86,4.74,0.12,2.53,17734.14,8524.102
20050908,3462,600522.SH,4.86,4.95,4.76,4.85,4.86,-0.01,-0.21,16376.86,7968.204
20050909,3461,600522.SH,4.92,4.92,4.73,4.74,4.85,-0.11,-2.27,13992.99,6702.974
20050912,3460,600522.SH,4.79,4.79,4.59,4.65,4.74,-0.09,-1.9,12226.09,5685.029
20050913,3459,600522.SH,4.68,4.83,4.6,4.83,4.65,0.18,3.87,12879.34,6074.31
20050914,3458,600522.SH,4.83,4.92,4.78,4.9,4.83,0.07,1.45,26877.56,13079.401
20050915,3457,600522.SH,4.91,4.99,4.87,4.91,4.9,0.01,0.2,17848.12,8784.818
20050916,3456,600522.SH,4.91,4.95,4.82,4.91,4.91,0.0,0.0,9745.65,4750.975
20050919,3455,600522.SH,4.9,4.98,4.83,4.98,4.91,0.07,1.43,20156.76,9933.99
20050920,3454,600522.SH,4.98,5.04,4.91,4.98,4.98,0.0,0.0,20761.08,10294.275
20050921,3453,600522.SH,4.96,4.98,4.76,4.76,4.98,-0.22,-4.42,15390.84,7476.921
20050922,3452,600522.SH,4.76,4.76,4.41,4.55,4.76,-0.21,-4.41,17105.6,7841.204
20050923,3451,600522.SH,4.53,4.59,4.42,4.44,4.55,-0.11,-2.42,7802.6,3511.225
20050926,3450,600522.SH,4.49,4.52,4.44,4.5,4.44,0.06,1.35,5165.61,2314.971
20050927,3449,600522.SH,4.5,4.55,4.23,4.28,4.5,-0.22,-4.89,11040.71,4801.272
20050928,3448,600522.SH,4.3,4.36,4.24,4.32,4.28,0.04,0.93,6387.84,2747.497
20050929,3447,600522.SH,4.32,4.48,4.3,4.47,4.32,0.15,3.47,10178.8,4475.382
20050930,3446,600522.SH,4.46,4.68,4.4,4.51,4.47,0.04,0.89,14315.93,6530.876
20051010,3445,600522.SH,4.5,4.5,4.31,4.32,4.51,-0.19,-4.21,5011.0,2192.062
20051011,3444,600522.SH,4.31,4.51,4.28,4.49,4.32,0.17,3.94,6641.25,2915.785
20051012,3443,600522.SH,4.45,4.56,4.44,4.5,4.49,0.01,0.22,6728.65,3031.296
20051013,3442,600522.SH,4.5,4.52,4.4,4.44,4.5,-0.06,-1.33,5472.9,2436.054
20051014,3441,600522.SH,4.43,4.49,4.29,4.46,4.44,0.02,0.45,8942.75,3924.637
20051017,3440,600522.SH,4.4,4.52,4.33,4.42,4.46,-0.04,-0.9,7401.43,3291.939
20051018,3439,600522.SH,4.45,4.54,4.4,4.53,4.42,0.11,2.49,10652.77,4797.962
20051019,3438,600522.SH,4.57,4.73,4.57,4.62,4.53,0.09,1.99,23413.3,10948.392
20051020,3437,600522.SH,4.58,4.58,4.45,4.55,4.62,-0.07,-1.52,7775.22,3508.14
20051021,3436,600522.SH,4.56,4.7,4.55,4.6,4.55,0.05,1.1,9712.63,4480.653
20051024,3435,600522.SH,4.58,4.73,4.5,4.7,4.6,0.1,2.17,11202.4,5216.449
20051025,3434,600522.SH,4.73,4.73,4.43,4.45,4.7,-0.25,-5.32,9354.0,4249.217
20051026,3433,600522.SH,4.41,4.53,4.35,4.38,4.45,-0.07,-1.57,6441.92,2850.55
20051027,3432,600522.SH,4.38,4.6,4.3,4.57,4.38,0.19,4.34,22661.27,10185.052
20051028,3431,600522.SH,4.59,4.81,4.57,4.73,4.57,0.16,3.5,59166.43,27728.767
20051031,3430,600522.SH,4.73,4.82,4.47,4.76,4.73,0.03,0.63,33851.02,15838.67
20051101,3429,600522.SH,4.77,4.98,4.63,4.98,4.76,0.22,4.62,42612.32,20567.79
20051102,3428,600522.SH,4.98,5.14,4.9,4.94,4.98,-0.04,-0.8,65029.75,32687.474
20051103,3427,600522.SH,4.91,4.95,4.72,4.89,4.94,-0.05,-1.01,29463.14,14280.771
20051104,3426,600522.SH,4.88,4.99,4.8,4.86,4.89,-0.03,-0.61,20472.94,10054.294
20051107,3425,600522.SH,4.86,4.98,4.77,4.97,4.86,0.11,2.26,21007.02,10293.946
20051108,3424,600522.SH,4.98,4.98,4.78,4.82,4.97,-0.15,-3.02,23479.09,11382.217
20051109,3423,600522.SH,4.8,4.92,4.79,4.8,4.82,-0.02,-0.41,16707.24,8107.51
20051110,3422,600522.SH,4.76,4.76,4.38,4.4,4.8,-0.4,-8.33,29934.79,13578.561
20051111,3421,600522.SH,4.35,4.53,4.33,4.41,4.4,0.01,0.23,13971.89,6230.893
20051114,3420,600522.SH,4.44,4.56,4.44,4.54,4.41,0.13,2.95,9728.15,4398.58
20051115,3419,600522.SH,4.5,4.57,4.42,4.45,4.54,-0.09,-1.98,8028.51,3592.783
20051116,3418,600522.SH,4.45,4.55,4.38,4.55,4.45,0.1,2.25,7944.99,3541.831
20051117,3417,600522.SH,4.54,4.56,4.46,4.48,4.55,-0.07,-1.54,5715.91,2575.584
20051118,3416,600522.SH,4.5,4.63,4.44,4.59,4.48,0.11,2.46,14322.54,6544.497
20051121,3415,600522.SH,4.57,4.67,4.56,4.59,4.59,0.0,0.0,7193.84,3321.051
20051122,3414,600522.SH,4.59,4.61,4.42,4.44,4.59,-0.15,-3.27,7255.8,3266.778
20051123,3413,600522.SH,4.5,4.53,4.42,4.52,4.44,0.08,1.8,4059.54,1822.083
20051124,3412,600522.SH,4.48,4.56,4.45,4.52,4.52,0.0,0.0,6074.94,2743.115
20051125,3411,600522.SH,4.51,4.53,4.42,4.45,4.52,-0.07,-1.55,5669.38,2524.994
20051128,3410,600522.SH,4.45,4.5,4.42,4.45,4.45,0.0,0.0,4833.83,2146.317
20051130,3409,600522.SH,4.38,4.38,4.07,4.14,4.45,-0.31,-6.97,27231.34,11415.233
20051201,3408,600522.SH,4.14,4.21,4.11,4.17,4.14,0.03,0.72,5741.58,2391.573
20051202,3407,600522.SH,4.14,4.19,4.01,4.04,4.17,-0.13,-3.12,7866.45,3217.027
20051205,3406,600522.SH,4.05,4.05,3.86,3.9,4.04,-0.14,-3.47,6513.77,2560.75
20051206,3405,600522.SH,3.88,3.96,3.86,3.93,3.9,0.03,0.77,5268.01,2065.511
20051207,3404,600522.SH,3.95,4.0,3.89,4.0,3.93,0.07,1.78,6533.94,2578.689
20051208,3403,600522.SH,3.98,4.0,3.9,3.95,4.0,-0.05,-1.25,5379.7,2122.424
20051209,3402,600522.SH,3.92,4.12,3.91,4.08,3.95,0.13,3.29,11541.89,4691.626
20051212,3401,600522.SH,4.07,4.17,4.07,4.13,4.08,0.05,1.23,7657.27,3155.626
20051213,3400,600522.SH,4.13,4.14,4.04,4.14,4.13,0.01,0.24,4433.76,1812.323
20051214,3399,600522.SH,4.11,4.2,4.06,4.18,4.14,0.04,0.97,7558.57,3128.127
20051215,3398,600522.SH,4.18,4.23,4.09,4.09,4.18,-0.09,-2.15,5552.0,2299.726
20051216,3397,600522.SH,4.08,4.25,4.06,4.22,4.09,0.13,3.18,10061.71,4184.937
20051219,3396,600522.SH,4.16,4.24,4.15,4.16,4.22,-0.06,-1.42,4981.0,2083.967
20051220,3395,600522.SH,4.16,4.26,4.16,4.23,4.16,0.07,1.68,8742.91,3684.467
20051221,3394,600522.SH,4.23,4.28,4.15,4.21,4.23,-0.02,-0.47,10981.12,4645.273
20051222,3393,600522.SH,4.18,4.21,4.11,4.18,4.21,-0.03,-0.71,5137.0,2138.429
20051223,3392,600522.SH,4.17,4.2,4.16,4.2,4.18,0.02,0.48,5204.0,2177.22
20051226,3391,600522.SH,4.2,4.26,4.18,4.24,4.2,0.04,0.95,8638.91,3650.817
20051227,3390,600522.SH,4.28,4.28,4.18,4.18,4.24,-0.06,-1.42,5737.51,2412.587
20051228,3389,600522.SH,4.2,4.26,4.18,4.21,4.18,0.03,0.72,6253.01,2632.771
20051229,3388,600522.SH,4.27,4.34,4.21,4.32,4.21,0.11,2.61,14693.71,6315.593
20051230,3387,600522.SH,4.31,4.38,4.25,4.27,4.32,-0.05,-1.16,11419.6,4931.654
20060104,3386,600522.SH,4.32,4.57,4.32,4.53,4.27,0.26,6.09,30211.96,13515.248
20060105,3385,600522.SH,4.53,4.59,4.46,4.58,4.53,0.05,1.1,17604.26,7984.693
20060106,3384,600522.SH,4.57,4.7,4.53,4.58,4.58,0.0,0.0,19119.37,8838.313
20060109,3383,600522.SH,4.61,4.66,4.54,4.61,4.58,0.03,0.66,13310.67,6119.696
20060110,3382,600522.SH,4.61,4.63,4.52,4.57,4.61,-0.04,-0.87,10584.16,4828.768
20060111,3381,600522.SH,4.59,4.64,4.52,4.6,4.57,0.03,0.66,12850.42,5885.258
20060112,3380,600522.SH,4.6,4.75,4.58,4.75,4.6,0.15,3.26,18916.02,8889.616
20060113,3379,600522.SH,4.75,4.83,4.63,4.68,4.75,-0.07,-1.47,16541.78,7807.594
20060116,3378,600522.SH,4.68,4.7,4.51,4.53,4.68,-0.15,-3.21,12415.5,5726.221
20060117,3377,600522.SH,4.51,4.59,4.5,4.56,4.53,0.03,0.66,8156.89,3709.378
20060118,3376,600522.SH,4.56,4.74,4.55,4.72,4.56,0.16,3.51,13508.05,6314.118
20060119,3375,600522.SH,4.75,4.86,4.64,4.82,4.72,0.1,2.12,22043.7,10490.277
20060120,3374,600522.SH,4.83,4.9,4.76,4.82,4.82,0.0,0.0,19897.67,9606.274
20060123,3373,600522.SH,4.82,5.07,4.82,5.06,4.82,0.24,4.98,32945.58,16436.832
20060124,3372,600522.SH,5.06,5.34,5.02,5.14,5.06,0.08,1.58,43675.76,22664.009
20060125,3371,600522.SH,5.14,5.23,4.99,5.21,5.14,0.07,1.36,31026.1,15968.358
20060206,3370,600522.SH,5.24,5.3,5.1,5.29,5.21,0.08,1.54,20322.03,10608.626
20060207,3369,600522.SH,5.3,5.36,5.02,5.11,5.29,-0.18,-3.4,22815.28,11787.128
20060208,3368,600522.SH,5.1,5.23,5.02,5.18,5.11,0.07,1.37,21221.01,10927.481
20060209,3367,600522.SH,5.17,5.18,4.98,5.01,5.18,-0.17,-3.28,18211.92,9211.098
20060210,3366,600522.SH,5.01,5.13,5.0,5.09,5.01,0.08,1.6,10309.4,5226.35
20060213,3365,600522.SH,5.07,5.08,4.88,4.95,5.09,-0.14,-2.75,17096.18,8457.594
20060214,3364,600522.SH,4.95,5.01,4.9,4.99,4.95,0.04,0.81,8968.09,4460.302
20060215,3363,600522.SH,5.0,5.06,4.94,4.96,4.99,-0.03,-0.6,14142.68,7083.669
20060216,3362,600522.SH,4.97,4.99,4.73,4.77,4.96,-0.19,-3.83,17070.8,8231.506
20060217,3361,600522.SH,4.77,4.82,4.6,4.62,4.77,-0.15,-3.14,12307.65,5817.66
20060220,3360,600522.SH,4.62,4.73,4.62,4.64,4.62,0.02,0.43,10328.37,4817.503
20060221,3359,600522.SH,4.65,5.05,4.58,4.95,4.64,0.31,6.68,29631.77,14433.395
20060222,3358,600522.SH,4.91,5.08,4.91,4.94,4.95,-0.01,-0.2,22361.7,11154.589
20060223,3357,600522.SH,5.0,5.0,4.82,4.89,4.94,-0.05,-1.01,11468.44,5600.841
20060224,3356,600522.SH,4.88,4.98,4.86,4.89,4.89,0.0,0.0,7569.45,3722.22
20060227,3355,600522.SH,4.9,4.93,4.74,4.76,4.89,-0.13,-2.66,9348.0,4504.399
20060228,3354,600522.SH,4.73,4.88,4.65,4.83,4.76,0.07,1.47,7443.61,3544.229
20060301,3353,600522.SH,4.88,4.98,4.88,4.9,4.83,0.07,1.45,18869.1,9324.336
20060302,3352,600522.SH,4.92,4.93,4.74,4.75,4.9,-0.15,-3.06,9607.24,4654.797
20060303,3351,600522.SH,4.75,4.79,4.65,4.73,4.75,-0.02,-0.42,8245.7,3893.12
20060306,3350,600522.SH,4.7,4.86,4.66,4.77,4.73,0.04,0.85,7480.66,3556.611
20060307,3349,600522.SH,4.77,4.8,4.58,4.6,4.77,-0.17,-3.56,8659.0,4017.486
20060308,3348,600522.SH,4.58,4.58,4.21,4.32,4.6,-0.28,-6.09,21124.08,9203.819
20060309,3347,600522.SH,4.3,4.36,4.25,4.27,4.32,-0.05,-1.16,10034.9,4306.24
20060310,3346,600522.SH,4.29,4.33,4.19,4.23,4.27,-0.04,-0.94,10005.22,4247.902
20060313,3345,600522.SH,4.2,4.28,4.17,4.27,4.23,0.04,0.95,5776.97,2439.187
20060314,3344,600522.SH,4.27,4.32,4.25,4.28,4.27,0.01,0.23,5536.1,2371.709
20060315,3343,600522.SH,4.29,4.36,4.22,4.35,4.28,0.07,1.64,9781.35,4208.467
20060316,3342,600522.SH,4.34,4.37,4.28,4.35,4.35,0.0,0.0,8528.2,3694.52
20060317,3341,600522.SH,4.36,4.36,4.27,4.31,4.35,-0.04,-0.92,6728.59,2902.645
20060320,3340,600522.SH,4.3,4.34,4.22,4.33,4.31,0.02,0.46,6976.97,2993.866
20060321,3339,600522.SH,4.37,4.43,4.33,4.36,4.33,0.03,0.69,9750.74,4270.921
20060322,3338,600522.SH,4.36,4.42,4.32,4.41,4.36,0.05,1.15,8251.88,3610.45
20060323,3337,600522.SH,4.41,4.5,4.36,4.47,4.41,0.06,1.36,11595.56,5145.56
20060324,3336,600522.SH,4.46,4.48,4.35,4.36,4.47,-0.11,-2.46,7225.34,3193.096
20060327,3335,600522.SH,4.36,4.39,4.28,4.37,4.36,0.01,0.23,8397.41,3627.994
20060328,3334,600522.SH,4.35,4.37,4.32,4.34,4.37,-0.03,-0.69,8792.65,3822.826
20060329,3333,600522.SH,4.34,4.45,4.33,4.37,4.34,0.03,0.69,10855.26,4778.101
20060330,3332,600522.SH,4.35,4.42,4.33,4.34,4.37,-0.03,-0.69,5618.08,2458.807
20060331,3331,600522.SH,4.31,4.35,4.19,4.34,4.34,0.0,0.0,12579.46,5338.398
20060413,3330,600522.SH,4.77,4.77,4.7,4.74,4.34,0.4,9.22,43035.63,20510.228
20060414,3329,600522.SH,4.66,4.81,4.55,4.77,4.74,0.03,0.63,33059.23,15472.42
20060417,3328,600522.SH,4.71,4.84,4.7,4.78,4.77,0.01,0.21,22732.39,10866.934
20060418,3327,600522.SH,4.78,4.92,4.75,4.88,4.78,0.1,2.09,28037.43,13589.372
20060419,3326,600522.SH,4.89,4.94,4.75,4.84,4.88,-0.04,-0.82,26290.88,12678.615
20060420,3325,600522.SH,4.79,5.08,4.75,4.87,4.84,0.03,0.62,51686.06,25351.668
20060524,3324,600522.SH,4.3,4.38,4.01,4.12,4.87,-0.75,-15.4,118344.41,49454.49
20060525,3323,600522.SH,4.06,4.17,4.03,4.14,4.12,0.02,0.49,38224.34,15671.892
20060526,3322,600522.SH,4.14,4.37,4.14,4.28,4.14,0.14,3.38,49611.3,21185.182
20060529,3321,600522.SH,4.3,4.48,4.2,4.47,4.28,0.19,4.44,53421.64,23331.01
20060530,3320,600522.SH,4.48,4.57,4.39,4.52,4.47,0.05,1.12,66970.82,30092.835
20060531,3319,600522.SH,4.48,4.52,4.36,4.46,4.52,-0.06,-1.33,42529.05,18827.202
20060601,3318,600522.SH,4.43,4.62,4.4,4.62,4.46,0.16,3.59,54700.39,24924.537
20060602,3317,600522.SH,4.69,4.82,4.57,4.74,4.62,0.12,2.6,59193.63,27806.975
20060605,3316,600522.SH,4.74,4.92,4.7,4.9,4.74,0.16,3.38,48070.05,23236.787
20060607,3315,600522.SH,4.85,4.88,4.41,4.41,4.9,-0.49,-10.0,51255.75,23578.098
20060608,3314,600522.SH,4.37,4.41,4.15,4.38,4.41,-0.03,-0.68,32377.76,13925.24
20060609,3313,600522.SH,4.38,4.43,4.22,4.27,4.38,-0.11,-2.51,26189.59,11402.418
20060612,3312,600522.SH,4.27,4.43,4.2,4.35,4.27,0.08,1.87,14385.76,6245.097
20060613,3311,600522.SH,4.41,4.56,4.41,4.56,4.35,0.21,4.83,27431.04,12324.512
20060614,3310,600522.SH,4.55,4.61,4.43,4.55,4.56,-0.01,-0.22,16891.18,7619.071
20060615,3309,600522.SH,4.56,4.63,4.52,4.56,4.55,0.01,0.22,15288.12,6995.406
20060616,3308,600522.SH,4.58,4.64,4.54,4.6,4.56,0.04,0.88,28210.49,12952.265
20060619,3307,600522.SH,3.5,3.63,3.41,3.59,3.53,0.06,1.7,21669.19,7771.914
20060620,3306,600522.SH,3.55,3.58,3.48,3.57,3.59,-0.02,-0.56,25101.35,8854.785
20060621,3305,600522.SH,3.57,3.75,3.54,3.7,3.57,0.13,3.64,58101.39,21270.064
20060622,3304,600522.SH,3.71,3.78,3.7,3.73,3.7,0.03,0.81,69369.62,25877.508
20060623,3303,600522.SH,3.71,3.73,3.56,3.72,3.73,-0.01,-0.27,31253.31,11459.794
20060626,3302,600522.SH,3.67,3.8,3.67,3.74,3.72,0.02,0.54,32316.75,12130.655
20060627,3301,600522.SH,3.74,3.94,3.72,3.84,3.74,0.1,2.67,55563.3,21375.411
20060628,3300,600522.SH,3.85,3.86,3.77,3.79,3.84,-0.05,-1.3,27793.36,10552.884
20060629,3299,600522.SH,3.8,3.88,3.79,3.87,3.79,0.08,2.11,37970.42,14563.906
20060630,3298,600522.SH,3.88,3.88,3.74,3.81,3.87,-0.06,-1.55,46699.38,17727.045
20060703,3297,600522.SH,3.85,3.98,3.8,3.96,3.81,0.15,3.94,69628.12,27298.529
20060704,3296,600522.SH,4.03,4.35,4.0,4.17,3.96,0.21,5.3,143076.63,59678.642
20060705,3295,600522.SH,4.17,4.37,4.02,4.36,4.17,0.19,4.56,99758.47,42064.709
20060706,3294,600522.SH,4.36,4.6,4.3,4.36,4.36,0.0,0.0,143580.45,64230.368
20060707,3293,600522.SH,4.38,4.5,4.36,4.38,4.36,0.02,0.46,72006.14,31822.108
20060710,3292,600522.SH,4.38,4.47,4.15,4.35,4.38,-0.03,-0.68,50961.45,22063.795
20060711,3291,600522.SH,4.35,4.4,4.23,4.29,4.35,-0.06,-1.38,39246.15,16859.374
20060712,3290,600522.SH,4.29,4.44,4.23,4.36,4.29,0.07,1.63,46286.58,20093.133
20060713,3289,600522.SH,4.3,4.33,3.92,3.92,4.36,-0.44,-10.09,66608.06,27216.284
20060714,3288,600522.SH,3.87,4.01,3.81,3.94,3.92,0.02,0.51,36782.76,14438.687
20060717,3287,600522.SH,3.94,3.99,3.85,3.96,3.94,0.02,0.51,24127.14,9486.847
20060718,3286,600522.SH,3.95,4.16,3.91,4.15,3.96,0.19,4.8,33246.25,13459.573
20060719,3285,600522.SH,4.13,4.14,3.93,3.98,4.15,-0.17,-4.1,25166.17,10117.711
20060720,3284,600522.SH,3.98,4.11,3.95,4.08,3.98,0.1,2.51,22522.88,9093.933
20060721,3283,600522.SH,4.13,4.2,4.09,4.12,4.08,0.04,0.98,22231.73,9217.925
20060724,3282,600522.SH,4.07,4.28,3.96,4.27,4.12,0.15,3.64,43723.78,18224.805
20060725,3281,600522.SH,4.31,4.37,4.24,4.28,4.27,0.01,0.23,44386.92,19101.747
20060726,3280,600522.SH,4.27,4.31,4.22,4.25,4.28,-0.03,-0.7,23715.11,10140.993
20060727,3279,600522.SH,4.23,4.29,4.07,4.1,4.25,-0.15,-3.53,30362.69,12623.947
20060728,3278,600522.SH,4.1,4.14,3.99,4.02,4.1,-0.08,-1.95,27068.03,10907.56
20060731,3277,600522.SH,4.01,4.08,3.8,3.89,4.02,-0.13,-3.23,23489.89,9237.445
20060801,3276,600522.SH,3.86,3.94,3.84,3.9,3.89,0.01,0.26,16694.38,6485.907
20060802,3275,600522.SH,3.93,4.0,3.86,3.94,3.9,0.04,1.03,27138.2,10687.692
20060803,3274,600522.SH,3.95,3.99,3.85,3.89,3.94,-0.05,-1.27,14702.02,5752.834
20060804,3273,600522.SH,3.9,3.93,3.5,3.55,3.89,-0.34,-8.74,25845.95,9589.343
20060807,3272,600522.SH,3.52,3.58,3.43,3.45,3.55,-0.1,-2.82,16410.95,5769.304
20060808,3271,600522.SH,3.46,3.58,3.46,3.57,3.45,0.12,3.48,14170.73,5005.309
20060809,3270,600522.SH,3.58,3.6,3.51,3.55,3.57,-0.02,-0.56,12827.54,4540.042
20060810,3269,600522.SH,3.53,3.63,3.53,3.63,3.55,0.08,2.25,14260.6,5130.07
20060811,3268,600522.SH,3.63,3.64,3.56,3.62,3.63,-0.01,-0.28,10874.65,3908.932
20060814,3267,600522.SH,3.6,3.63,3.4,3.46,3.62,-0.16,-4.42,25310.63,8878.806
20060815,3266,600522.SH,3.46,3.56,3.39,3.56,3.46,0.1,2.89,12876.14,4497.79
20060816,3265,600522.SH,3.56,3.72,3.52,3.71,3.56,0.15,4.21,31404.34,11507.854
20060817,3264,600522.SH,3.73,3.74,3.58,3.67,3.71,-0.04,-1.08,27482.54,10039.035
20060818,3263,600522.SH,3.7,3.77,3.66,3.67,3.67,0.0,0.0,27500.39,10213.858
20060821,3262,600522.SH,3.47,3.79,3.42,3.76,3.67,0.09,2.45,25657.63,9357.198
20060822,3261,600522.SH,3.73,3.82,3.71,3.74,3.76,-0.02,-0.53,21368.16,8043.196
20060823,3260,600522.SH,3.75,3.78,3.64,3.66,3.74,-0.08,-2.14,15267.8,5644.872
20060824,3259,600522.SH,3.62,3.7,3.59,3.69,3.66,0.03,0.82,14044.24,5131.732
20060825,3258,600522.SH,3.7,3.75,3.66,3.66,3.69,-0.03,-0.81,13566.57,5042.352
20060828,3257,600522.SH,3.66,3.77,3.66,3.77,3.66,0.11,3.01,17614.36,6593.807
20060829,3256,600522.SH,3.76,3.93,3.73,3.79,3.77,0.02,0.53,38102.89,14592.611
20060830,3255,600522.SH,3.76,3.85,3.75,3.83,3.79,0.04,1.06,20746.95,7911.617
20060831,3254,600522.SH,3.82,4.0,3.82,3.97,3.83,0.14,3.66,46832.92,18347.128
20060901,3253,600522.SH,3.98,4.0,3.8,3.86,3.97,-0.11,-2.77,44538.76,17355.214
20060904,3252,600522.SH,3.9,3.97,3.88,3.93,3.86,0.07,1.81,21059.54,8256.829
20060905,3251,600522.SH,4.0,4.02,3.91,3.94,3.93,0.01,0.25,20956.13,8265.285
20060906,3250,600522.SH,3.98,4.02,3.88,4.01,3.94,0.07,1.78,31150.34,12322.149
20060907,3249,600522.SH,4.06,4.18,4.06,4.07,4.01,0.06,1.5,94053.31,38587.744
20060908,3248,600522.SH,4.04,4.08,4.01,4.02,4.07,-0.05,-1.23,24119.38,9715.797
20060911,3247,600522.SH,4.0,4.05,3.88,3.95,4.02,-0.07,-1.74,22149.46,8709.026
20060912,3246,600522.SH,3.95,3.97,3.92,3.96,3.95,0.01,0.25,19096.04,7534.584
20060913,3245,600522.SH,3.98,3.99,3.85,3.86,3.96,-0.1,-2.53,19292.75,7508.059
20060914,3244,600522.SH,3.85,3.87,3.8,3.84,3.86,-0.02,-0.52,15574.35,5955.561
20060915,3243,600522.SH,3.84,3.92,3.84,3.9,3.84,0.06,1.56,13946.08,5433.902
20060918,3242,600522.SH,3.9,3.98,3.9,3.97,3.9,0.07,1.79,14036.53,5519.189
20060919,3241,600522.SH,3.97,3.98,3.91,3.94,3.97,-0.03,-0.76,15301.78,6029.72
20060920,3240,600522.SH,3.94,3.94,3.83,3.88,3.94,-0.06,-1.52,21779.82,8422.823
20060921,3239,600522.SH,3.88,3.92,3.85,3.88,3.88,0.0,0.0,13742.52,5324.991
20060922,3238,600522.SH,3.88,3.97,3.78,3.89,3.88,0.01,0.26,29276.11,11397.914
20060925,3237,600522.SH,3.9,4.04,3.85,3.96,3.89,0.07,1.8,51541.52,20502.339
20060927,3236,600522.SH,3.96,4.08,3.92,4.07,3.96,0.11,2.78,42436.52,17036.503
20060928,3235,600522.SH,4.08,4.27,4.02,4.14,4.07,0.07,1.72,77358.03,32228.635
20060929,3234,600522.SH,4.15,4.2,4.1,4.13,4.14,-0.01,-0.24,45694.44,18995.588
20061009,3233,600522.SH,4.16,4.25,4.11,4.22,4.13,0.09,2.18,49851.35,20889.02
20061010,3232,600522.SH,4.22,4.25,4.1,4.19,4.22,-0.03,-0.71,32023.93,13345.472
20061011,3231,600522.SH,4.19,4.2,4.05,4.11,4.19,-0.08,-1.91,30590.65,12565.261
20061012,3230,600522.SH,4.11,4.12,4.01,4.03,4.11,-0.08,-1.95,26320.35,10674.68
20061013,3229,600522.SH,4.03,4.1,4.01,4.08,4.03,0.05,1.24,16246.09,6606.488
20061016,3228,600522.SH,4.2,4.35,4.13,4.13,4.08,0.05,1.23,49825.99,20988.98
20061017,3227,600522.SH,4.15,4.33,4.12,4.31,4.13,0.18,4.36,75558.12,32328.679
20061018,3226,600522.SH,4.35,4.41,4.28,4.38,4.31,0.07,1.62,72723.49,31723.967
20061019,3225,600522.SH,4.38,4.6,4.31,4.52,4.38,0.14,3.2,96790.95,43242.875
20061020,3224,600522.SH,4.52,4.57,4.39,4.47,4.52,-0.05,-1.11,54909.58,24617.239
20061023,3223,600522.SH,4.51,4.52,4.16,4.22,4.47,-0.25,-5.59,59904.23,25842.33
20061024,3222,600522.SH,4.26,4.46,4.25,4.43,4.22,0.21,4.98,58685.09,25476.706
20061025,3221,600522.SH,4.43,4.47,4.35,4.4,4.43,-0.03,-0.68,42353.17,18677.408
20061026,3220,600522.SH,4.4,4.4,4.23,4.25,4.4,-0.15,-3.41,42869.28,18357.026
20061027,3219,600522.SH,4.24,4.3,4.12,4.13,4.25,-0.12,-2.82,31121.74,13029.786
20061030,3218,600522.SH,4.13,4.24,4.04,4.23,4.13,0.1,2.42,29625.59,12197.682
20061031,3217,600522.SH,4.28,4.38,4.26,4.27,4.23,0.04,0.95,39192.91,16866.312
20061101,3216,600522.SH,4.3,4.42,4.2,4.4,4.27,0.13,3.04,51461.81,22237.141
20061102,3215,600522.SH,4.4,4.45,4.3,4.38,4.4,-0.02,-0.45,31062.04,13551.196
20061103,3214,600522.SH,4.4,4.46,4.37,4.41,4.38,0.03,0.68,39863.5,17559.018
20061106,3213,600522.SH,4.3,4.52,4.28,4.4,4.41,-0.01,-0.23,40422.29,17929.273
20061107,3212,600522.SH,4.4,4.4,4.22,4.23,4.4,-0.17,-3.86,36720.32,15756.703
20061108,3211,600522.SH,4.22,4.23,4.1,4.15,4.23,-0.08,-1.89,17721.36,7391.579
20061109,3210,600522.SH,4.14,4.25,4.14,4.19,4.15,0.04,0.96,12209.22,5123.547
20061110,3209,600522.SH,4.21,4.22,4.05,4.08,4.19,-0.11,-2.63,28555.35,11720.158
20061113,3208,600522.SH,4.07,4.12,3.88,3.96,4.08,-0.12,-2.94,23865.15,9442.229
20061114,3207,600522.SH,3.96,4.1,3.9,4.08,3.96,0.12,3.03,30130.49,12072.119
20061115,3206,600522.SH,4.12,4.25,4.04,4.22,4.08,0.14,3.43,65940.22,27329.109
20061116,3205,600522.SH,4.22,4.24,4.03,4.06,4.22,-0.16,-3.79,44048.61,18144.976
20061117,3204,600522.SH,4.05,4.14,4.05,4.11,4.06,0.05,1.23,21863.86,8961.337
20061120,3203,600522.SH,4.12,4.16,4.02,4.06,4.11,-0.05,-1.22,25722.82,10469.363
20061121,3202,600522.SH,4.08,4.18,4.0,4.15,4.06,0.09,2.22,25409.68,10383.746
20061122,3201,600522.SH,4.16,4.27,4.07,4.19,4.15,0.04,0.96,38718.75,16212.528
20061123,3200,600522.SH,4.23,4.28,4.15,4.26,4.19,0.07,1.67,48101.62,20312.935
20061124,3199,600522.SH,4.28,4.35,4.22,4.32,4.26,0.06,1.41,69267.45,29715.622
20061127,3198,600522.SH,4.37,4.42,4.32,4.38,4.32,0.06,1.39,44171.61,19306.722
20061128,3197,600522.SH,4.38,4.42,4.31,4.39,4.38,0.01,0.23,38536.12,16807.121
20061129,3196,600522.SH,4.35,4.83,4.26,4.83,4.39,0.44,10.02,146420.33,68758.115
20061130,3195,600522.SH,4.97,5.06,4.82,4.86,4.83,0.03,0.62,199306.87,98079.367
20061201,3194,600522.SH,4.88,5.29,4.8,5.17,4.86,0.31,6.38,181430.17,92747.554
20061204,3193,600522.SH,5.17,5.35,5.06,5.18,5.17,0.01,0.19,102832.48,53519.491
20061205,3192,600522.SH,5.15,5.27,5.06,5.15,5.18,-0.03,-0.58,79773.53,40936.848
20061206,3191,600522.SH,5.13,5.42,4.91,5.3,5.15,0.15,2.91,158167.84,82882.554
20061207,3190,600522.SH,5.24,5.55,5.13,5.15,5.3,-0.15,-2.83,140794.82,75382.291
20061208,3189,600522.SH,5.05,5.14,4.7,4.7,5.15,-0.45,-8.74,80435.47,39445.267
20061211,3188,600522.SH,4.7,4.95,4.7,4.93,4.7,0.23,4.89,37351.74,18003.48
20061212,3187,600522.SH,4.93,4.93,4.69,4.8,4.93,-0.13,-2.64,38665.77,18550.152
20061213,3186,600522.SH,4.8,4.85,4.69,4.82,4.8,0.02,0.42,22475.19,10717.009
20061214,3185,600522.SH,4.8,4.95,4.74,4.91,4.82,0.09,1.87,31194.88,15173.375
20061215,3184,600522.SH,4.92,4.96,4.8,4.94,4.91,0.03,0.61,39807.14,19430.031
20061218,3183,600522.SH,4.99,5.0,4.87,4.93,4.94,-0.01,-0.2,41833.86,20572.897
20061219,3182,600522.SH,4.93,5.22,4.9,5.16,4.93,0.23,4.67,86276.15,43732.057
20061220,3181,600522.SH,5.15,5.15,5.02,5.1,5.16,-0.06,-1.16,44392.85,22538.38
20061221,3180,600522.SH,5.11,5.15,4.91,4.93,5.1,-0.17,-3.33,68185.12,34149.137
20061222,3179,600522.SH,4.88,4.89,4.71,4.76,4.93,-0.17,-3.45,45237.03,21665.053
20061225,3178,600522.SH,4.76,4.84,4.72,4.81,4.76,0.05,1.05,38330.96,18370.345
20061226,3177,600522.SH,4.86,4.95,4.76,4.9,4.81,0.09,1.87,40870.97,19909.227
20061227,3176,600522.SH,4.87,5.05,4.85,5.02,4.9,0.12,2.45,42660.52,21249.241
20061228,3175,600522.SH,5.02,5.02,4.75,4.79,5.02,-0.23,-4.58,38490.83,18622.858
20061229,3174,600522.SH,4.78,4.98,4.77,4.84,4.79,0.05,1.04,34830.68,16844.373
20070104,3173,600522.SH,4.9,4.92,4.8,4.87,4.84,0.03,0.62,41568.13,20170.372
20070105,3172,600522.SH,4.93,5.18,4.87,5.16,4.87,0.29,5.95,108299.96,54962.268
20070108,3171,600522.SH,5.16,5.5,5.16,5.42,5.16,0.26,5.04,102908.42,55280.899
20070109,3170,600522.SH,5.45,5.56,5.36,5.46,5.42,0.04,0.74,72340.92,39498.53
20070110,3169,600522.SH,5.45,5.66,5.42,5.61,5.46,0.15,2.75,63285.56,35230.806
20070111,3168,600522.SH,5.6,5.73,5.46,5.48,5.61,-0.13,-2.32,77611.67,43437.241
20070112,3167,600522.SH,5.4,5.63,5.25,5.29,5.48,-0.19,-3.47,73142.98,39698.652
20070115,3166,600522.SH,5.26,5.82,5.2,5.8,5.29,0.51,9.64,106104.88,60491.173
20070116,3165,600522.SH,5.79,5.92,5.68,5.89,5.8,0.09,1.55,75722.89,44019.569
20070117,3164,600522.SH,5.8,6.23,5.5,6.1,5.89,0.21,3.57,120323.46,70391.519
20070118,3163,600522.SH,6.0,6.11,5.77,5.98,6.1,-0.12,-1.97,94704.16,56208.067
20070119,3162,600522.SH,6.0,6.16,5.85,6.13,5.98,0.15,2.51,91092.13,55341.411
20070122,3161,600522.SH,6.19,6.39,6.07,6.31,6.13,0.18,2.94,95716.98,59386.763
20070123,3160,600522.SH,6.28,6.29,5.9,6.15,6.31,-0.16,-2.54,89592.06,54695.892
20070124,3159,600522.SH,6.14,6.45,6.0,6.39,6.15,0.24,3.9,118625.79,74474.162
20070125,3158,600522.SH,6.48,6.64,6.12,6.14,6.39,-0.25,-3.91,145409.31,93276.56
20070126,3157,600522.SH,6.01,6.2,5.71,6.1,6.14,-0.04,-0.65,74084.98,44313.533
20070129,3156,600522.SH,6.11,6.4,5.91,6.37,6.1,0.27,4.43,104234.72,64858.893
20070130,3155,600522.SH,6.33,6.33,6.0,6.08,6.37,-0.29,-4.55,107752.9,66268.495
20070131,3154,600522.SH,5.55,5.93,5.48,5.52,6.08,-0.56,-9.21,171362.1,97733.042
20070201,3153,600522.SH,5.45,5.57,5.2,5.39,5.52,-0.13,-2.36,101541.49,54451.966
20070202,3152,600522.SH,5.36,5.5,5.31,5.39,5.39,0.0,0.0,62406.08,33667.415
20070205,3151,600522.SH,5.36,5.64,5.36,5.51,5.39,0.12,2.23,60526.75,33357.615
20070206,3150,600522.SH,5.53,5.65,5.42,5.56,5.51,0.05,0.91,40195.91,22246.568
20070207,3149,600522.SH,5.63,5.93,5.5,5.8,5.56,0.24,4.32,158202.51,90937.104
20070208,3148,600522.SH,5.87,6.2,5.78,6.15,5.8,0.35,6.03,143183.82,85235.369
20070209,3147,600522.SH,6.1,6.11,5.94,5.96,6.15,-0.19,-3.09,65946.11,39698.017
20070212,3146,600522.SH,5.91,6.1,5.88,6.02,5.96,0.06,1.01,47076.54,28259.354
20070213,3145,600522.SH,6.05,6.08,5.92,6.04,6.02,0.02,0.33,49455.94,29596.905
20070214,3144,600522.SH,6.01,6.15,5.99,6.13,6.04,0.09,1.49,74455.55,45178.348
20070215,3143,600522.SH,6.07,6.35,6.07,6.34,6.13,0.21,3.43,88926.17,55367.951
20070216,3142,600522.SH,6.36,6.43,6.2,6.28,6.34,-0.06,-0.95,88652.59,56165.632
20070226,3141,600522.SH,6.34,6.6,6.22,6.56,6.28,0.28,4.46,82361.05,53116.757
20070227,3140,600522.SH,6.57,6.83,5.9,5.99,6.56,-0.57,-8.69,140004.38,91155.214
20070228,3139,600522.SH,5.99,6.57,5.99,6.52,5.99,0.53,8.85,101365.33,64651.253
20070301,3138,600522.SH,6.47,6.63,6.21,6.45,6.52,-0.07,-1.07,70174.44,44843.596
20070302,3137,600522.SH,6.45,6.85,6.38,6.72,6.45,0.27,4.19,112114.43,74765.562
20070305,3136,600522.SH,6.76,6.84,6.35,6.54,6.72,-0.18,-2.68,70282.18,46389.997
20070306,3135,600522.SH,6.5,6.52,6.23,6.36,6.54,-0.18,-2.75,36529.31,23355.239
20070307,3134,600522.SH,6.32,6.49,6.32,6.45,6.36,0.09,1.42,39169.72,25129.224
20070308,3133,600522.SH,6.52,6.77,6.52,6.74,6.45,0.29,4.5,85840.15,57371.825
20070309,3132,600522.SH,6.72,6.74,6.52,6.59,6.74,-0.15,-2.23,48700.29,32164.849
20070312,3131,600522.SH,6.56,6.85,6.48,6.83,6.59,0.24,3.64,67627.27,45393.525
20070313,3130,600522.SH,6.85,7.0,6.78,6.87,6.83,0.04,0.59,68826.85,47479.754
20070314,3129,600522.SH,6.83,6.83,6.47,6.65,6.87,-0.22,-3.2,62142.3,41415.051
20070315,3128,600522.SH,6.64,7.25,6.6,7.15,6.65,0.5,7.52,87428.37,60108.851
20070316,3127,600522.SH,7.18,7.18,6.63,6.71,7.15,-0.44,-6.15,127282.61,87878.161
20070319,3126,600522.SH,6.4,6.96,6.3,6.89,6.71,0.18,2.68,106810.2,71876.279
20070320,3125,600522.SH,6.95,7.19,6.89,7.18,6.89,0.29,4.21,113195.39,79768.884
20070321,3124,600522.SH,7.15,7.55,7.03,7.5,7.18,0.32,4.46,187281.08,137064.137
20070322,3123,600522.SH,7.6,7.93,7.46,7.59,7.5,0.09,1.2,242804.68,187420.213
20070323,3122,600522.SH,7.53,7.76,7.34,7.69,7.59,0.1,1.32,95586.83,71853.088
20070326,3121,600522.SH,7.69,7.99,7.65,7.77,7.69,0.08,1.04,91578.54,71457.733
20070327,3120,600522.SH,7.8,7.89,7.68,7.76,7.77,-0.01,-0.13,82612.57,64295.07
20070328,3119,600522.SH,7.8,7.84,7.3,7.56,7.76,-0.2,-2.58,95295.82,71872.401
20070329,3118,600522.SH,7.55,7.56,7.1,7.11,7.56,-0.45,-5.95,77709.31,56667.216
20070330,3117,600522.SH,7.08,7.39,7.01,7.29,7.11,0.18,2.53,49246.4,35537.736
20070402,3116,600522.SH,7.28,7.47,7.17,7.46,7.29,0.17,2.33,48764.32,35761.529
20070403,3115,600522.SH,7.46,7.88,7.42,7.85,7.46,0.39,5.23,112156.38,86253.769
20070404,3114,600522.SH,7.92,8.47,7.92,8.26,7.85,0.41,5.22,243437.83,200305.782
20070405,3113,600522.SH,8.27,8.28,8.08,8.23,8.26,-0.03,-0.36,86061.02,70390.486
20070406,3112,600522.SH,8.17,8.48,8.05,8.29,8.23,0.06,0.73,85669.03,70838.008
20070409,3111,600522.SH,8.29,8.46,8.22,8.37,8.29,0.08,0.97,104560.34,87286.201
20070410,3110,600522.SH,8.37,8.37,7.92,8.24,8.37,-0.13,-1.55,88245.65,72007.538
20070411,3109,600522.SH,8.25,8.28,8.04,8.26,8.24,0.02,0.24,83335.7,67821.988
20070412,3108,600522.SH,8.26,8.46,8.2,8.39,8.26,0.13,1.57,101944.44,85151.736
20070413,3107,600522.SH,8.39,8.88,8.3,8.44,8.39,0.05,0.6,110697.5,95266.416
20070416,3106,600522.SH,8.44,9.28,8.44,9.12,8.44,0.68,8.06,142088.92,127415.027
20070417,3105,600522.SH,9.16,9.2,8.69,8.94,9.12,-0.18,-1.97,118790.28,106479.625
20070418,3104,600522.SH,8.96,9.46,8.96,9.18,8.94,0.24,2.68,82117.57,75998.537
20070419,3103,600522.SH,9.2,9.29,8.3,8.72,9.18,-0.46,-5.01,120883.6,107903.568
20070420,3102,600522.SH,8.72,9.59,8.72,9.59,8.72,0.87,9.98,140265.79,130943.28
20070423,3101,600522.SH,9.93,10.46,9.7,10.3,9.59,0.71,7.4,127339.04,129754.215
20070424,3100,600522.SH,10.3,10.69,10.02,10.37,10.3,0.07,0.68,117688.33,121907.128
20070425,3099,600522.SH,10.38,11.17,10.2,10.98,10.37,0.61,5.88,140309.28,151456.276
20070426,3098,600522.SH,11.01,11.1,10.67,10.79,10.98,-0.19,-1.73,84127.99,90713.914
20070427,3097,600522.SH,10.79,10.98,10.61,10.68,10.79,-0.11,-1.02,73610.58,79202.467
20070430,3096,600522.SH,10.68,10.95,10.05,10.69,10.68,0.01,0.09,91758.91,97348.362
20070508,3095,600522.SH,11.0,11.6,10.71,11.32,10.69,0.63,5.89,97352.88,109633.952
20070509,3094,600522.SH,11.32,11.58,10.8,11.37,11.32,0.05,0.44,116321.97,130529.054
20070510,3093,600522.SH,11.38,11.89,11.21,11.66,11.37,0.29,2.55,79291.77,92298.018
20070511,3092,600522.SH,11.45,11.55,11.0,11.28,11.66,-0.38,-3.26,60957.05,68695.682
20070514,3091,600522.SH,11.0,11.38,10.85,11.08,11.28,-0.2,-1.77,67708.43,75572.735
20070515,3090,600522.SH,11.09,11.37,10.35,10.42,11.08,-0.66,-5.96,77290.31,83989.94
20070516,3089,600522.SH,10.3,10.73,9.95,10.71,10.42,0.29,2.78,70393.16,72566.833
20070517,3088,600522.SH,10.77,10.99,10.63,10.95,10.71,0.24,2.24,64800.18,70043.055
20070518,3087,600522.SH,10.94,10.94,10.54,10.8,10.95,-0.15,-1.37,71624.67,76712.602
20070521,3086,600522.SH,10.3,11.35,10.3,11.28,10.8,0.48,4.44,101920.2,112457.192
20070522,3085,600522.SH,11.31,11.85,11.31,11.5,11.28,0.22,1.95,134595.31,156759.007
20070523,3084,600522.SH,11.9,12.65,11.66,12.65,11.5,1.15,10.0,264334.15,323432.979
20070525,3083,600522.SH,12.65,13.78,12.1,13.15,12.65,0.5,3.95,228107.24,294805.124
20070528,3082,600522.SH,13.5,13.59,13.0,13.04,13.15,-0.11,-0.84,153511.72,201824.767
20070529,3081,600522.SH,13.01,13.38,12.8,13.19,13.04,0.15,1.15,142461.16,187110.861
20070530,3080,600522.SH,12.4,13.09,11.87,11.87,13.19,-1.32,-10.01,133449.1,165824.966
20070531,3079,600522.SH,11.51,12.0,10.68,11.19,11.87,-0.68,-5.73,133766.95,149205.803
20070601,3078,600522.SH,11.45,11.53,10.07,10.08,11.19,-1.11,-9.92,119520.39,127325.783
20070604,3077,600522.SH,10.4,10.55,9.07,9.51,10.08,-0.57,-5.65,118168.12,116389.002
20070605,3076,600522.SH,9.41,10.46,9.28,10.46,9.51,0.95,9.99,133117.69,132575.733
20070606,3075,600522.SH,10.69,11.28,10.4,11.08,10.46,0.62,5.93,133971.85,147234.438
20070607,3074,600522.SH,11.29,11.57,10.9,11.33,11.08,0.25,2.26,106533.44,120521.943
20070608,3073,600522.SH,11.33,11.88,11.1,11.61,11.33,0.28,2.47,117719.99,135355.269
20070611,3072,600522.SH,11.84,12.12,11.7,11.88,11.61,0.27,2.33,103054.92,122445.124
20070612,3071,600522.SH,11.88,12.0,11.25,12.0,11.88,0.12,1.01,106504.53,124963.274
20070613,3070,600522.SH,12.15,12.78,12.0,12.21,12.0,0.21,1.75,97450.21,120861.664
20070614,3069,600522.SH,11.98,12.55,11.8,12.01,12.21,-0.2,-1.64,91524.72,111745.777
20070615,3068,600522.SH,11.8,12.23,11.76,11.9,12.01,-0.11,-0.92,63668.87,76393.306
20070618,3067,600522.SH,12.68,13.09,12.68,13.09,11.9,1.19,10.0,67002.38,87351.895
20070619,3066,600522.SH,13.45,13.46,12.71,13.13,13.09,0.04,0.31,147701.01,193441.731
20070620,3065,600522.SH,13.16,13.2,12.21,12.29,13.13,-0.84,-6.4,85961.51,109615.374
20070621,3064,600522.SH,12.22,12.67,12.0,12.61,12.29,0.32,2.6,84424.69,104764.675
20070622,3063,600522.SH,12.53,13.49,12.53,13.17,12.61,0.56,4.44,216100.32,280888.327
20070625,3062,600522.SH,13.25,13.35,11.85,11.85,13.17,-1.32,-10.02,159252.48,198606.5
20070626,3061,600522.SH,11.35,11.8,10.73,11.77,11.85,-0.08,-0.68,100817.26,113890.769
20070627,3060,600522.SH,12.43,12.56,11.85,12.34,11.77,0.57,4.84,111802.56,136927.126
20070628,3059,600522.SH,12.27,12.55,11.11,11.12,12.34,-1.22,-9.89,84511.21,100793.279
20070629,3058,600522.SH,10.69,11.47,10.5,11.0,11.12,-0.12,-1.08,68424.19,74621.106
20070702,3057,600522.SH,10.96,11.31,10.5,11.27,11.0,0.27,2.45,45324.83,49982.173
20070703,3056,600522.SH,11.29,11.35,10.8,11.15,11.27,-0.12,-1.06,38649.17,42905.159
20070704,3055,600522.SH,11.18,11.25,10.7,10.7,11.15,-0.45,-4.04,26624.87,29126.017
20070705,3054,600522.SH,10.5,10.6,9.63,9.63,10.7,-1.07,-10.0,66666.94,65819.982
20070706,3053,600522.SH,9.64,10.23,9.31,10.18,9.63,0.55,5.71,57423.29,56562.13
20070709,3052,600522.SH,10.18,11.2,10.02,11.2,10.18,1.02,10.02,90716.88,98209.07
20070710,3051,600522.SH,11.21,11.49,10.6,11.23,11.2,0.03,0.27,86731.69,95633.684
20070711,3050,600522.SH,11.2,11.94,11.0,11.87,11.23,0.64,5.7,108525.09,125735.747
20070712,3049,600522.SH,11.78,11.9,11.28,11.48,11.87,-0.39,-3.29,84423.39,97237.574
20070713,3048,600522.SH,11.37,11.76,11.26,11.59,11.48,0.11,0.96,48694.19,56483.709
20070716,3047,600522.SH,11.69,11.87,10.96,10.98,11.59,-0.61,-5.26,54134.75,61881.833
20070717,3046,600522.SH,11.02,11.4,10.9,11.22,10.98,0.24,2.19,36183.85,40469.392
20070718,3045,600522.SH,11.22,11.67,11.0,11.38,11.22,0.16,1.43,56104.25,64105.809
20070719,3044,600522.SH,11.33,11.58,11.2,11.57,11.38,0.19,1.67,36150.98,41398.038
20070720,3043,600522.SH,11.58,12.29,11.58,12.17,11.57,0.6,5.19,105156.22,126463.222
20070723,3042,600522.SH,12.2,13.1,12.2,12.75,12.17,0.58,4.77,139027.56,175815.607
20070724,3041,600522.SH,12.78,13.03,12.46,12.49,12.75,-0.26,-2.04,85855.24,109443.591
20070725,3040,600522.SH,12.5,13.33,12.5,13.04,12.49,0.55,4.4,106507.94,138571.884
20070726,3039,600522.SH,13.1,13.5,12.9,13.25,13.04,0.21,1.61,84826.45,112243.376
20070727,3038,600522.SH,13.04,13.5,12.75,13.48,13.25,0.23,1.74,114938.44,150229.553
20070730,3037,600522.SH,13.42,14.28,13.35,13.85,13.48,0.37,2.74,132497.24,184100.889
20070731,3036,600522.SH,13.88,14.7,13.42,14.67,13.85,0.82,5.92,156711.34,221512.896
20070801,3035,600522.SH,14.51,14.68,13.25,13.3,14.67,-1.37,-9.34,137338.51,192533.438
20070802,3034,600522.SH,13.45,13.97,13.3,13.9,13.3,0.6,4.51,91757.6,125885.466
20070803,3033,600522.SH,13.98,14.22,13.63,13.87,13.9,-0.03,-0.22,81692.78,113322.83
20070806,3032,600522.SH,14.01,14.48,13.74,14.07,13.87,0.2,1.44,72982.58,102870.633
20070807,3031,600522.SH,14.11,14.14,13.53,13.67,14.07,-0.4,-2.84,62328.74,85588.807
20070808,3030,600522.SH,13.5,13.5,12.8,13.1,13.67,-0.57,-4.17,78783.15,103313.683
20070809,3029,600522.SH,13.12,13.48,13.01,13.19,13.1,0.09,0.69,47452.36,62743.52
20070810,3028,600522.SH,13.17,14.23,13.12,14.06,13.19,0.87,6.6,133505.56,184820.097
20070813,3027,600522.SH,14.23,14.4,13.78,14.19,14.06,0.13,0.92,98040.07,138490.885
20070814,3026,600522.SH,14.75,15.1,14.3,14.51,14.19,0.32,2.26,117137.68,172279.963
20070815,3025,600522.SH,14.95,15.55,14.51,15.41,14.51,0.9,6.2,207984.51,315416.795
20070816,3024,600522.SH,15.0,15.2,14.5,14.98,15.41,-0.43,-2.79,92453.15,136945.125
20070817,3023,600522.SH,15.18,15.38,13.93,14.0,14.98,-0.98,-6.54,117451.68,171129.532
20070820,3022,600522.SH,14.0,14.38,13.76,14.28,14.0,0.28,2.0,127245.37,179507.201
20070821,3021,600522.SH,14.25,14.25,13.76,14.11,14.28,-0.17,-1.19,111306.74,154878.973
20070822,3020,600522.SH,13.8,14.06,13.62,13.9,14.11,-0.21,-1.49,73201.02,101717.373
20070823,3019,600522.SH,14.15,14.37,13.85,13.99,13.9,0.09,0.65,75525.4,106507.62
20070824,3018,600522.SH,14.11,14.24,13.7,14.0,13.99,0.01,0.07,68454.64,95659.565
20070827,3017,600522.SH,14.05,14.12,13.74,13.83,14.0,-0.17,-1.21,64673.73,89678.421
20070828,3016,600522.SH,13.85,14.36,13.85,14.28,13.83,0.45,3.25,93772.02,133074.594
20070829,3015,600522.SH,14.37,14.37,13.5,13.52,14.28,-0.76,-5.32,74842.0,103405.893
20070830,3014,600522.SH,13.59,13.98,13.48,13.92,13.52,0.4,2.96,53202.58,73062.676
20070831,3013,600522.SH,14.03,14.19,13.87,13.89,13.92,-0.03,-0.22,57704.48,80769.807
20070903,3012,600522.SH,14.0,14.25,13.9,14.14,13.89,0.25,1.8,73234.42,103092.106
20070904,3011,600522.SH,14.2,14.47,13.7,14.26,14.14,0.12,0.85,107237.88,151698.051
20070905,3010,600522.SH,14.28,14.36,13.72,13.9,14.26,-0.36,-2.52,53904.8,75239.135
20070906,3009,600522.SH,13.98,14.06,13.79,13.83,13.9,-0.07,-0.5,51860.53,72000.935
20070907,3008,600522.SH,13.71,13.95,13.21,13.27,13.83,-0.56,-4.05,78994.34,106544.673
20070910,3007,600522.SH,13.2,13.47,12.93,13.43,13.27,0.16,1.21,46146.52,60667.855
20070911,3006,600522.SH,13.36,14.18,12.09,12.8,13.43,-0.63,-4.69,90341.15,123764.189
20070912,3005,600522.SH,12.8,13.2,12.22,12.62,12.8,-0.18,-1.41,60895.5,76804.244
20070913,3004,600522.SH,12.8,12.82,12.41,12.69,12.62,0.07,0.55,30723.7,38604.001
20070914,3003,600522.SH,12.71,13.16,12.65,12.94,12.69,0.25,1.97,33366.45,43033.608
20070917,3002,600522.SH,12.94,13.23,12.78,13.2,12.94,0.26,2.01,41206.4,53635.388
20070918,3001,600522.SH,13.29,13.3,12.81,13.01,13.2,-0.19,-1.44,37723.71,49022.695
20070919,3000,600522.SH,13.07,13.07,12.5,12.56,13.01,-0.45,-3.46,42884.14,54208.083
20070920,2999,600522.SH,12.53,12.78,12.4,12.55,12.56,-0.01,-0.08,35310.93,44231.46
20070921,2998,600522.SH,12.58,12.97,12.31,12.68,12.55,0.13,1.04,32375.74,40998.109
20070924,2997,600522.SH,12.78,12.9,12.4,12.46,12.68,-0.22,-1.74,25521.55,31956.904
20070925,2996,600522.SH,12.49,12.65,12.3,12.55,12.46,0.09,0.72,21245.17,26503.007
20070926,2995,600522.SH,12.55,12.75,12.43,12.49,12.55,-0.06,-0.48,17072.91,21484.285
20070927,2994,600522.SH,12.43,12.5,12.26,12.35,12.49,-0.14,-1.12,20975.03,25847.138
20070928,2993,600522.SH,12.38,12.77,12.38,12.64,12.35,0.29,2.35,24681.96,31137.419
20071008,2992,600522.SH,12.75,12.92,12.64,12.73,12.64,0.09,0.71,27041.29,34481.06
20071009,2991,600522.SH,12.72,12.98,12.52,12.94,12.73,0.21,1.65,32347.72,41325.062
20071010,2990,600522.SH,12.96,13.08,12.7,12.78,12.94,-0.16,-1.24,30168.59,38996.768
20071011,2989,600522.SH,12.58,12.89,12.31,12.37,12.78,-0.41,-3.21,30232.27,37774.254
20071012,2988,600522.SH,12.39,12.4,11.16,11.57,12.37,-0.8,-6.47,55926.93,65153.211
20071015,2987,600522.SH,11.57,11.84,11.2,11.54,11.57,-0.03,-0.26,28694.19,32831.199
20071016,2986,600522.SH,11.54,11.77,11.3,11.65,11.54,0.11,0.95,26292.86,30202.789
20071017,2985,600522.SH,11.65,12.18,11.41,11.86,11.65,0.21,1.8,28012.74,33213.612
20071018,2984,600522.SH,11.83,11.83,11.41,11.44,11.86,-0.42,-3.54,17599.15,20278.054
20071019,2983,600522.SH,11.37,11.86,11.37,11.58,11.44,0.14,1.22,16001.25,18633.831
20071022,2982,600522.SH,11.5,11.82,11.37,11.38,11.58,-0.2,-1.73,18605.65,21468.958
20071023,2981,600522.SH,11.5,12.06,11.4,11.98,11.38,0.6,5.27,39339.42,46684.081
20071024,2980,600522.SH,12.06,12.14,11.4,11.49,11.98,-0.49,-4.09,23389.64,27524.759
20071025,2979,600522.SH,11.35,11.35,10.34,10.34,11.49,-1.15,-10.01,36358.05,38619.91
20071026,2978,600522.SH,10.15,10.45,9.99,10.18,10.34,-0.16,-1.55,18262.43,18585.33
20071029,2977,600522.SH,10.38,10.58,10.2,10.43,10.18,0.25,2.46,17076.2,17709.244
20071030,2976,600522.SH,10.33,10.61,10.25,10.6,10.43,0.17,1.63,16925.29,17608.706
20071031,2975,600522.SH,10.7,11.0,10.51,10.93,10.6,0.33,3.11,23739.42,25665.151
20071101,2974,600522.SH,10.89,10.9,10.3,10.31,10.93,-0.62,-5.67,19036.87,20034.539
20071102,2973,600522.SH,10.2,10.2,9.99,10.07,10.31,-0.24,-2.33,20549.9,20680.733
20071105,2972,600522.SH,10.35,11.08,10.35,11.08,10.07,1.01,10.03,18526.54,20369.478
20071106,2971,600522.SH,11.65,11.65,11.2,11.31,11.08,0.23,2.08,64934.48,74241.859
20071107,2970,600522.SH,11.42,11.55,10.6,10.96,11.31,-0.35,-3.09,28712.44,31692.24
20071108,2969,600522.SH,10.93,11.45,10.72,11.0,10.96,0.04,0.37,30096.93,33606.88
20071109,2968,600522.SH,10.99,11.65,10.9,11.46,11.0,0.46,4.18,43619.36,49683.383
20071112,2967,600522.SH,11.23,11.98,11.09,11.54,11.46,0.08,0.7,51301.48,59726.039
20071113,2966,600522.SH,11.7,11.7,11.38,11.5,11.54,-0.04,-0.35,29850.9,34243.035
20071114,2965,600522.SH,11.58,11.95,11.41,11.85,11.5,0.35,3.04,36269.31,42591.428
20071115,2964,600522.SH,11.8,11.9,11.46,11.5,11.85,-0.35,-2.95,29491.74,34176.404
20071116,2963,600522.SH,11.4,11.45,11.07,11.25,11.5,-0.25,-2.17,21031.01,23547.58
20071119,2962,600522.SH,11.34,11.65,11.22,11.58,11.25,0.33,2.93,22052.96,25213.593
20071120,2961,600522.SH,11.49,11.8,11.4,11.63,11.58,0.05,0.43,20199.29,23481.363
20071121,2960,600522.SH,11.71,11.8,11.5,11.66,11.63,0.03,0.26,21186.61,24603.541
20071122,2959,600522.SH,11.55,11.6,11.08,11.15,11.66,-0.51,-4.37,17478.2,19815.671
20071123,2958,600522.SH,11.25,11.75,11.07,11.68,11.15,0.53,4.75,20461.15,23482.457
20071126,2957,600522.SH,11.87,11.87,11.48,11.5,11.68,-0.18,-1.54,26750.8,31339.889
20071127,2956,600522.SH,11.51,11.97,11.45,11.88,11.5,0.38,3.3,39980.54,47279.061
20071128,2955,600522.SH,11.88,11.98,11.56,11.6,11.88,-0.28,-2.36,18526.03,21795.562
20071129,2954,600522.SH,11.7,11.88,11.42,11.79,11.6,0.19,1.64,20706.96,24126.787
20071130,2953,600522.SH,11.78,11.79,11.44,11.75,11.79,-0.04,-0.34,19372.01,22433.449
20071203,2952,600522.SH,11.69,11.96,11.52,11.95,11.75,0.2,1.7,30785.4,36383.344
20071204,2951,600522.SH,11.84,12.09,11.74,11.8,11.95,-0.15,-1.26,21160.58,25167.379
20071205,2950,600522.SH,11.79,11.97,11.75,11.9,11.8,0.1,0.85,19436.1,23085.192
20071206,2949,600522.SH,12.0,12.35,11.82,12.27,11.9,0.37,3.11,39378.87,47726.157
20071207,2948,600522.SH,12.21,12.37,12.1,12.33,12.27,0.06,0.49,27394.62,33598.317
20071210,2947,600522.SH,12.12,12.62,12.01,12.46,12.33,0.13,1.05,37719.07,46964.424
20071211,2946,600522.SH,12.48,12.7,12.3,12.67,12.46,0.21,1.69,31046.35,38877.784
20071212,2945,600522.SH,12.56,12.98,12.5,12.82,12.67,0.15,1.18,37623.45,48303.393
20071213,2944,600522.SH,12.65,12.84,12.17,12.21,12.82,-0.61,-4.76,39395.31,49461.359
20071214,2943,600522.SH,12.2,12.53,12.1,12.5,12.21,0.29,2.38,30228.17,37229.71
20071217,2942,600522.SH,12.58,13.25,12.42,13.01,12.5,0.51,4.08,58597.79,76056.961
20071218,2941,600522.SH,13.1,13.1,12.71,12.87,13.01,-0.14,-1.08,21309.81,27404.176
20071219,2940,600522.SH,12.91,13.25,12.85,13.13,12.87,0.26,2.02,29856.4,39080.289
20071220,2939,600522.SH,13.23,13.29,13.02,13.15,13.13,0.02,0.15,22070.65,29006.303
20071221,2938,600522.SH,13.05,13.25,13.01,13.2,13.15,0.05,0.38,27046.35,35458.522
20071224,2937,600522.SH,13.3,13.45,13.11,13.21,13.2,0.01,0.08,33760.72,44809.553
20071225,2936,600522.SH,13.21,13.38,13.02,13.09,13.21,-0.12,-0.91,30903.37,40703.38
20071226,2935,600522.SH,13.13,13.38,13.12,13.3,13.09,0.21,1.6,36097.89,47813.444
20071228,2934,600522.SH,14.2,14.25,13.6,13.64,13.3,0.34,2.56,124890.83,173748.226
20080102,2933,600522.SH,13.53,14.65,13.53,14.42,13.64,0.78,5.72,87605.7,124357.891
20080103,2932,600522.SH,14.4,14.97,14.2,14.37,14.42,-0.05,-0.35,69599.81,101850.858
20080104,2931,600522.SH,14.21,14.7,14.2,14.57,14.37,0.2,1.39,53385.21,77512.89
20080107,2930,600522.SH,14.69,14.76,14.4,14.61,14.57,0.04,0.27,40233.83,58624.968
20080108,2929,600522.SH,14.63,14.72,13.83,13.97,14.61,-0.64,-4.38,59436.24,84405.851
20080109,2928,600522.SH,14.0,15.01,14.0,14.55,13.97,0.58,4.15,33687.12,48687.899
20080110,2927,600522.SH,14.54,14.97,14.32,14.93,14.55,0.38,2.61,59250.76,87139.982
20080111,2926,600522.SH,14.98,15.2,14.58,14.86,14.93,-0.07,-0.47,43026.02,64030.063
20080114,2925,600522.SH,15.06,15.2,14.81,15.05,14.86,0.19,1.28,41677.58,62716.972
20080115,2924,600522.SH,15.08,15.19,14.7,14.92,15.05,-0.13,-0.86,39756.3,59134.895
20080116,2923,600522.SH,14.73,15.34,14.5,15.01,14.92,0.09,0.6,65734.47,98464.506
20080117,2922,600522.SH,14.84,15.46,14.12,15.03,15.01,0.02,0.13,70916.04,105787.448
20080118,2921,600522.SH,15.06,15.84,15.0,15.69,15.03,0.66,4.39,94509.4,146502.582
20080121,2920,600522.SH,15.89,16.24,14.9,15.0,15.69,-0.69,-4.4,98346.2,154992.727
20080122,2919,600522.SH,14.49,14.5,13.5,13.5,15.0,-1.5,-10.0,67495.04,93120.845
20080123,2918,600522.SH,13.31,14.2,13.18,14.15,13.5,0.65,4.81,63068.92,86632.281
20080124,2917,600522.SH,14.09,14.65,13.86,14.16,14.15,0.01,0.07,60031.87,85802.05
20080125,2916,600522.SH,14.18,14.39,13.74,13.89,14.16,-0.27,-1.91,44892.59,63101.179
20080128,2915,600522.SH,13.9,13.9,12.5,12.5,13.89,-1.39,-10.01,47967.48,61788.302
20080129,2914,600522.SH,12.63,12.99,12.08,12.8,12.5,0.3,2.4,26877.39,33971.056
20080130,2913,600522.SH,13.02,13.16,12.34,12.64,12.8,-0.16,-1.25,23173.49,29670.057
20080131,2912,600522.SH,12.67,12.88,12.4,12.5,12.64,-0.14,-1.11,16619.84,21047.895
20080201,2911,600522.SH,12.81,13.1,11.65,12.42,12.5,-0.08,-0.64,30306.04,37750.305
20080204,2910,600522.SH,12.8,13.37,12.51,13.33,12.42,0.91,7.33,39028.42,51132.959
20080205,2909,600522.SH,13.2,13.66,13.0,13.48,13.33,0.15,1.13,37643.35,50675.498
20080213,2908,600522.SH,13.48,13.93,13.2,13.48,13.48,0.0,0.0,32175.0,43933.851
20080214,2907,600522.SH,13.51,14.05,13.51,13.96,13.48,0.48,3.56,38417.25,53447.584
20080215,2906,600522.SH,13.99,14.19,13.75,14.11,13.96,0.15,1.07,42205.12,59094.353
20080218,2905,600522.SH,14.32,14.49,14.13,14.19,14.11,0.08,0.57,39437.21,56259.56
20080219,2904,600522.SH,14.25,14.6,14.09,14.5,14.19,0.31,2.18,40135.85,57540.245
20080220,2903,600522.SH,14.51,14.57,13.85,13.86,14.5,-0.64,-4.41,43369.81,61282.87
20080221,2902,600522.SH,13.8,14.5,13.68,14.49,13.86,0.63,4.55,40112.84,56675.524
20080222,2901,600522.SH,14.35,14.83,14.0,14.25,14.49,-0.24,-1.66,56889.68,82263.178
20080225,2900,600522.SH,14.4,14.4,13.0,13.09,14.25,-1.16,-8.14,36417.47,49436.706
20080227,2899,600522.SH,13.45,13.56,13.2,13.4,13.09,0.31,2.37,23692.03,31796.046
20080228,2898,600522.SH,13.5,13.63,13.3,13.35,13.4,-0.05,-0.37,22930.19,30779.116
20080229,2897,600522.SH,13.35,13.6,13.3,13.41,13.35,0.06,0.45,18485.14,24840.239
20080303,2896,600522.SH,13.44,13.88,13.28,13.78,13.41,0.37,2.76,30420.81,41531.082
20080304,2895,600522.SH,13.8,14.2,13.8,14.1,13.78,0.32,2.32,43566.28,61231.702
20080305,2894,600522.SH,14.25,14.47,13.88,14.39,14.1,0.29,2.06,53009.51,75534.608
20080306,2893,600522.SH,14.48,14.72,14.15,14.2,14.39,-0.19,-1.32,49719.09,71784.803
20080310,2892,600522.SH,13.95,13.96,13.13,13.24,14.2,-0.96,-6.76,26795.56,36145.226
20080311,2891,600522.SH,13.11,13.48,12.82,13.43,13.24,0.19,1.44,16753.72,22056.963
20080312,2890,600522.SH,13.8,13.9,12.85,12.89,13.43,-0.54,-4.02,17252.41,22761.893
20080313,2889,600522.SH,12.79,12.8,12.0,12.52,12.89,-0.37,-2.87,23537.06,29332.909
20080314,2888,600522.SH,12.4,12.59,12.2,12.43,12.52,-0.09,-0.72,12334.94,15233.897
20080317,2887,600522.SH,12.43,12.55,11.19,11.28,12.43,-1.15,-9.25,20485.51,24170.473
20080318,2886,600522.SH,11.34,11.5,10.15,10.24,11.28,-1.04,-9.22,24031.24,25503.599
20080319,2885,600522.SH,10.55,10.96,10.0,10.62,10.24,0.38,3.71,20250.67,21381.207
20080320,2884,600522.SH,10.4,11.17,9.83,10.96,10.62,0.34,3.2,21460.28,22519.503
20080321,2883,600522.SH,11.0,11.24,10.8,11.12,10.96,0.16,1.46,18754.86,20794.06
20080324,2882,600522.SH,11.3,11.46,10.75,10.79,11.12,-0.33,-2.97,18748.73,20766.916
20080325,2881,600522.SH,10.6,11.02,10.4,10.94,10.79,0.15,1.39,12805.81,13765.5
20080326,2880,600522.SH,11.08,11.28,10.83,11.0,10.94,0.06,0.55,13396.09,14858.234
20080327,2879,600522.SH,10.9,10.9,10.29,10.32,11.0,-0.68,-6.18,14316.15,15067.573
20080328,2878,600522.SH,10.26,10.8,9.78,10.66,10.32,0.34,3.29,15910.63,16453.309
20080331,2877,600522.SH,10.25,10.87,10.2,10.47,10.66,-0.19,-1.78,12165.12,12881.449
20080401,2876,600522.SH,10.28,10.59,9.43,9.47,10.47,-1.0,-9.55,21160.55,20764.404
20080402,2875,600522.SH,9.69,9.85,8.65,8.75,9.47,-0.72,-7.6,21960.54,19875.861
20080403,2874,600522.SH,8.7,9.19,8.41,8.94,8.75,0.19,2.17,16077.21,14035.649
20080407,2873,600522.SH,8.79,9.5,8.7,9.41,8.94,0.47,5.26,28123.83,25955.681
20080408,2872,600522.SH,9.29,9.6,9.25,9.5,9.41,0.09,0.96,37745.01,35574.157
20080409,2871,600522.SH,9.32,9.54,8.8,8.83,9.5,-0.67,-7.05,19844.8,18301.757
20080410,2870,600522.SH,8.73,9.03,8.5,9.03,8.83,0.2,2.27,12948.46,11433.557
20080411,2869,600522.SH,9.18,9.38,9.01,9.28,9.03,0.25,2.77,13515.17,12453.06
20080414,2868,600522.SH,9.08,9.08,8.36,8.41,9.28,-0.87,-9.38,17773.54,15313.212
20080415,2867,600522.SH,8.37,8.98,8.2,8.93,8.41,0.52,6.18,19138.76,16370.11
20080416,2866,600522.SH,8.8,9.27,8.8,9.09,8.93,0.16,1.79,28993.21,26460.789
20080417,2865,600522.SH,9.31,9.59,8.9,9.19,9.09,0.1,1.1,36336.84,33754.959
20080418,2864,600522.SH,8.86,9.03,8.6,8.61,9.19,-0.58,-6.31,15158.33,13316.179
20080421,2863,600522.SH,9.38,9.39,8.68,8.85,8.61,0.24,2.79,18779.41,17056.048
20080422,2862,600522.SH,8.8,9.1,8.52,9.08,8.85,0.23,2.6,18898.74,16727.432
20080423,2861,600522.SH,9.03,9.59,8.81,9.5,9.08,0.42,4.63,31040.13,28831.24
20080424,2860,600522.SH,10.35,10.45,10.0,10.45,9.5,0.95,10.0,64201.02,65843.257
20080425,2859,600522.SH,10.47,10.85,10.27,10.43,10.45,-0.02,-0.19,50667.03,53502.588
20080428,2858,600522.SH,10.32,10.81,10.2,10.57,10.43,0.14,1.34,29469.7,31262.376
20080429,2857,600522.SH,10.58,10.95,10.53,10.72,10.57,0.15,1.42,30295.72,32649.357
20080430,2856,600522.SH,10.87,11.18,10.77,11.01,10.72,0.29,2.71,35602.64,39160.776
20080505,2855,600522.SH,11.15,11.29,10.99,11.24,11.01,0.23,2.09,36878.45,41097.969
20080506,2854,600522.SH,11.18,11.2,10.74,10.98,11.24,-0.26,-2.31,45504.73,49996.378
20080507,2853,600522.SH,10.95,11.31,10.65,10.67,10.98,-0.31,-2.82,40695.53,45042.032
20080508,2852,600522.SH,10.56,11.74,10.54,11.74,10.67,1.07,10.03,70044.96,79492.696
20080509,2851,600522.SH,12.01,12.85,12.0,12.41,11.74,0.67,5.71,147220.62,182067.869
20080512,2850,600522.SH,12.15,12.98,12.02,12.94,12.41,0.53,4.27,80410.89,101253.28
20080513,2849,600522.SH,12.51,13.1,12.36,12.5,12.94,-0.44,-3.4,70662.97,89476.065
20080514,2848,600522.SH,12.43,12.78,12.4,12.62,12.5,0.12,0.96,45690.01,57453.948
20080515,2847,600522.SH,12.8,13.09,12.13,12.16,12.62,-0.46,-3.65,43694.53,55492.402
20080516,2846,600522.SH,12.3,12.48,11.58,11.81,12.16,-0.35,-2.88,38950.32,46405.276
20080519,2845,600522.SH,11.92,12.42,11.6,12.35,11.81,0.54,4.57,37856.37,45823.091
20080520,2844,600522.SH,12.35,12.68,11.62,11.83,12.35,-0.52,-4.21,43915.34,53781.989
20080521,2843,600522.SH,11.69,12.1,11.21,11.96,11.83,0.13,1.1,31228.96,36255.257
20080522,2842,600522.SH,11.82,12.48,11.65,12.28,11.96,0.32,2.68,37611.1,45747.936
20080523,2841,600522.SH,12.18,13.51,11.82,12.83,12.28,0.55,4.48,175689.28,228555.473
20080527,2840,600522.SH,12.3,12.3,11.55,11.84,12.83,-0.99,-7.72,100804.61,118316.443
20080528,2839,600522.SH,11.6,11.98,11.51,11.83,11.84,-0.01,-0.08,45034.9,52872.033
20080529,2838,600522.SH,11.79,12.27,11.6,11.88,11.83,0.05,0.42,58865.77,70502.73
20080530,2837,600522.SH,11.8,11.95,11.34,11.43,11.88,-0.45,-3.79,38673.11,44664.684
20080602,2836,600522.SH,11.45,11.85,11.25,11.81,11.43,0.38,3.32,32233.99,37441.395
20080603,2835,600522.SH,12.0,12.37,11.35,11.44,11.81,-0.37,-3.13,77675.71,92698.726
20080604,2834,600522.SH,11.31,11.31,10.62,10.74,11.44,-0.7,-6.12,43520.64,47517.084
20080605,2833,600522.SH,10.74,11.03,10.65,10.84,10.74,0.1,0.93,26316.03,28729.811
20080606,2832,600522.SH,11.0,11.0,10.7,10.79,10.84,-0.05,-0.46,10365.92,11206.897
20080610,2831,600522.SH,10.41,10.41,9.71,9.71,10.79,-1.08,-10.01,24080.08,23929.769
20080611,2830,600522.SH,9.42,9.75,9.3,9.51,9.71,-0.2,-2.06,20447.23,19566.648
20080612,2829,600522.SH,9.5,9.59,9.1,9.38,9.51,-0.13,-1.37,20440.05,19194.793
20080613,2828,600522.SH,9.45,9.68,8.99,9.01,9.38,-0.37,-3.94,19522.9,18229.46
20080616,2827,600522.SH,9.11,9.24,8.66,8.7,9.01,-0.31,-3.44,15812.75,14047.202
20080617,2826,600522.SH,8.8,8.98,8.54,8.7,8.7,0.0,0.0,22976.8,20179.406
20080618,2825,600522.SH,8.76,9.34,8.36,9.23,8.7,0.53,6.09,24638.69,22084.373
20080619,2824,600522.SH,9.08,9.18,8.48,8.5,9.23,-0.73,-7.91,26334.97,23034.517
20080620,2823,600522.SH,8.52,9.1,8.18,8.69,8.5,0.19,2.24,24916.77,21937.446
20080623,2822,600522.SH,8.76,8.86,8.4,8.65,8.69,-0.04,-0.46,7570.17,6599.955
20080624,2821,600522.SH,8.65,9.47,8.56,9.19,8.65,0.54,6.24,33312.24,30512.358
20080625,2820,600522.SH,9.08,9.78,9.08,9.69,9.19,0.5,5.44,29577.36,28154.772
20080626,2819,600522.SH,9.7,9.79,9.44,9.61,9.69,-0.08,-0.83,21468.36,20659.038
20080627,2818,600522.SH,9.27,9.32,8.83,9.18,9.61,-0.43,-4.47,26039.9,23738.383
20080630,2817,600522.SH,9.19,9.4,9.04,9.33,9.18,0.15,1.63,11655.18,10770.588
20080701,2816,600522.SH,9.35,9.43,9.01,9.04,9.33,-0.29,-3.11,9332.75,8566.508
20080702,2815,600522.SH,9.1,9.5,9.02,9.23,9.04,0.19,2.1,12659.95,11795.643
20080703,2814,600522.SH,9.1,9.94,9.06,9.67,9.23,0.44,4.77,24070.01,23015.159
20080704,2813,600522.SH,9.7,9.78,9.38,9.66,9.67,-0.01,-0.1,14360.89,13762.954
20080707,2812,600522.SH,9.7,10.09,9.68,10.0,9.66,0.34,3.52,22734.53,22612.217
20080708,2811,600522.SH,10.09,10.19,9.81,10.13,10.0,0.13,1.3,21917.45,21953.285
20080709,2810,600522.SH,10.15,10.28,10.01,10.21,10.13,0.08,0.79,27741.55,28128.916
20080710,2809,600522.SH,10.05,10.35,9.98,10.01,10.21,-0.2,-1.96,27043.25,27663.24
20080711,2808,600522.SH,10.0,10.07,9.69,9.83,10.01,-0.18,-1.8,17031.97,16741.631
20080714,2807,600522.SH,9.7,9.98,9.65,9.96,9.83,0.13,1.32,12453.99,12262.999
20080715,2806,600522.SH,9.9,10.15,9.61,9.66,9.96,-0.3,-3.01,16198.24,16040.429
20080716,2805,600522.SH,9.62,10.1,9.31,9.44,9.66,-0.22,-2.28,23326.82,22738.323
20080717,2804,600522.SH,9.57,9.84,9.13,9.18,9.44,-0.26,-2.75,15528.53,14714.255
20080718,2803,600522.SH,9.37,9.68,9.08,9.64,9.18,0.46,5.01,12937.37,12128.138
20080721,2802,600522.SH,9.6,9.99,9.51,9.93,9.64,0.29,3.01,16644.31,16361.425
20080722,2801,600522.SH,9.97,10.13,9.93,10.04,9.93,0.11,1.11,19254.85,19306.884
20080723,2800,600522.SH,10.09,10.79,9.96,10.43,10.04,0.39,3.88,50589.45,52493.944
20080724,2799,600522.SH,10.44,10.66,10.28,10.55,10.43,0.12,1.15,50277.74,52788.834
20080725,2798,600522.SH,10.4,10.85,10.3,10.62,10.55,0.07,0.66,36441.44,38962.522
20080728,2797,600522.SH,10.72,11.04,10.66,10.76,10.62,0.14,1.32,36361.34,39600.2
20080729,2796,600522.SH,10.65,10.74,10.35,10.42,10.76,-0.34,-3.16,23591.52,24798.158
20080730,2795,600522.SH,10.57,10.85,10.5,10.59,10.42,0.17,1.63,23282.88,24850.235
20080731,2794,600522.SH,10.75,10.91,10.37,10.42,10.59,-0.17,-1.61,22439.89,23895.423
20080801,2793,600522.SH,10.4,10.72,10.0,10.69,10.42,0.27,2.59,25766.88,26747.408
20080804,2792,600522.SH,10.55,10.71,10.08,10.28,10.69,-0.41,-3.84,18933.35,19901.0
20080805,2791,600522.SH,10.35,10.6,10.19,10.28,10.28,0.0,0.0,16661.88,17321.001
20080806,2790,600522.SH,10.77,11.31,10.42,10.6,10.28,0.32,3.11,93845.03,102988.599
20080807,2789,600522.SH,10.28,10.51,9.86,10.08,10.6,-0.52,-4.91,56966.7,57898.564
20080808,2788,600522.SH,10.05,10.05,9.07,9.15,10.08,-0.93,-9.23,28370.96,27302.288
20080811,2787,600522.SH,9.2,9.28,8.28,8.41,9.15,-0.74,-8.09,25184.25,22081.383
20080812,2786,600522.SH,8.46,8.7,8.35,8.52,8.41,0.11,1.31,18665.5,15984.405
20080813,2785,600522.SH,8.39,8.75,8.36,8.69,8.52,0.17,2.0,14704.32,12569.327
20080814,2784,600522.SH,8.72,8.77,8.6,8.72,8.69,0.03,0.35,9522.89,8266.023
20080815,2783,600522.SH,8.73,8.73,8.44,8.57,8.72,-0.15,-1.72,17566.34,15049.456
20080818,2782,600522.SH,8.59,8.64,7.71,7.71,8.57,-0.86,-10.04,22127.64,17741.099
20080819,2781,600522.SH,7.55,7.87,7.55,7.85,7.71,0.14,1.82,15712.7,12187.467
20080820,2780,600522.SH,7.8,8.64,7.8,8.63,7.85,0.78,9.94,28392.44,23813.526
20080821,2779,600522.SH,8.48,8.81,8.3,8.33,8.63,-0.3,-3.48,24199.67,20653.212
20080822,2778,600522.SH,8.19,8.45,8.0,8.18,8.33,-0.15,-1.8,13614.9,11141.377
20080825,2777,600522.SH,8.12,8.34,8.1,8.19,8.18,0.01,0.12,9213.37,7606.44
20080826,2776,600522.SH,8.0,8.08,7.55,7.68,8.19,-0.51,-6.23,13183.35,10229.72
20080827,2775,600522.SH,7.69,7.93,7.62,7.85,7.68,0.17,2.21,11159.03,8716.427
20080828,2774,600522.SH,7.8,8.0,7.74,7.93,7.85,0.08,1.02,8154.47,6435.586
20080829,2773,600522.SH,7.94,8.29,7.94,8.07,7.93,0.14,1.77,20859.94,16954.843
20080901,2772,600522.SH,8.07,8.07,7.76,7.92,8.07,-0.15,-1.86,11401.29,8974.106
20080902,2771,600522.SH,7.88,8.23,7.75,8.05,7.92,0.13,1.64,13003.31,10481.129
20080903,2770,600522.SH,7.95,8.13,7.79,7.87,8.05,-0.18,-2.24,11550.45,9122.381
20080904,2769,600522.SH,7.82,8.05,7.81,7.95,7.87,0.08,1.02,9563.04,7588.949
20080905,2768,600522.SH,7.78,7.85,7.46,7.53,7.95,-0.42,-5.28,13343.72,10190.489
20080908,2767,600522.SH,7.54,7.58,6.95,6.99,7.53,-0.54,-7.17,17575.65,12672.29
20080909,2766,600522.SH,6.99,7.17,6.9,7.1,6.99,0.11,1.57,8090.25,5717.539
20080910,2765,600522.SH,7.14,7.39,7.0,7.14,7.1,0.04,0.56,12878.86,9292.647
20080911,2764,600522.SH,7.17,7.22,7.05,7.1,7.14,-0.04,-0.56,7190.64,5120.62
20080912,2763,600522.SH,7.1,7.25,7.09,7.11,7.1,0.01,0.14,7152.31,5125.108
20080916,2762,600522.SH,7.1,7.33,6.95,7.08,7.11,-0.03,-0.42,11973.54,8519.251
20080917,2761,600522.SH,7.08,7.18,6.63,6.69,7.08,-0.39,-5.51,13281.23,9126.612
20080918,2760,600522.SH,6.55,6.76,6.03,6.58,6.69,-0.11,-1.64,19981.53,12769.453
20080919,2759,600522.SH,7.24,7.24,7.02,7.24,6.58,0.66,10.03,16762.45,12092.807
20080922,2758,600522.SH,7.78,7.96,7.3,7.53,7.24,0.29,4.01,46049.26,35097.32
20080923,2757,600522.SH,7.29,7.29,7.0,7.01,7.53,-0.52,-6.91,20616.92,14725.489
20080924,2756,600522.SH,6.98,7.25,6.81,7.23,7.01,0.22,3.14,18508.35,12978.905
20080925,2755,600522.SH,7.24,7.44,7.16,7.29,7.23,0.06,0.83,23593.62,17292.316
20080926,2754,600522.SH,7.35,7.44,7.11,7.23,7.29,-0.06,-0.82,13330.37,9688.514
20081006,2753,600522.SH,7.16,7.16,6.84,6.85,7.23,-0.38,-5.26,10943.23,7602.046
20081007,2752,600522.SH,6.63,6.94,6.56,6.82,6.85,-0.03,-0.44,12461.1,8424.316
20081008,2751,600522.SH,6.68,6.79,6.5,6.57,6.82,-0.25,-3.67,8836.61,5872.996
20081009,2750,600522.SH,6.7,6.79,6.5,6.5,6.57,-0.07,-1.07,8316.77,5510.275
20081010,2749,600522.SH,6.2,6.26,5.85,5.85,6.5,-0.65,-10.0,38582.63,22875.514
20081013,2748,600522.SH,5.84,5.89,5.35,5.88,5.85,0.03,0.51,25691.02,14483.492
20081014,2747,600522.SH,6.05,6.08,5.48,5.51,5.88,-0.37,-6.29,21922.78,12826.791
20081015,2746,600522.SH,5.51,5.57,5.35,5.56,5.51,0.05,0.91,9796.56,5343.518
20081016,2745,600522.SH,5.21,5.74,5.01,5.33,5.56,-0.23,-4.14,20128.4,11014.827
20081017,2744,600522.SH,5.35,5.5,5.25,5.38,5.33,0.05,0.94,12146.71,6514.989
20081020,2743,600522.SH,5.37,5.68,5.29,5.59,5.38,0.21,3.9,10573.86,5807.209
20081021,2742,600522.SH,5.64,5.69,5.5,5.52,5.59,-0.07,-1.25,11708.25,6558.456
20081022,2741,600522.SH,5.34,5.5,5.33,5.48,5.52,-0.04,-0.72,13152.89,7118.185
20081023,2740,600522.SH,5.29,5.6,5.29,5.59,5.48,0.11,2.01,11965.58,6582.353
20081024,2739,600522.SH,5.66,5.77,5.57,5.65,5.59,0.06,1.07,20142.65,11404.184
20081027,2738,600522.SH,5.65,5.73,5.23,5.26,5.65,-0.39,-6.9,32344.17,18049.543
20081028,2737,600522.SH,5.09,5.45,5.0,5.44,5.26,0.18,3.42,25194.96,13213.49
20081029,2736,600522.SH,5.6,5.68,5.41,5.45,5.44,0.01,0.18,34788.92,19360.439
20081030,2735,600522.SH,5.46,5.63,5.35,5.54,5.45,0.09,1.65,19126.06,10557.879
20081031,2734,600522.SH,5.56,5.56,5.29,5.32,5.54,-0.22,-3.97,15396.41,8319.337
20081103,2733,600522.SH,5.18,5.36,5.17,5.21,5.32,-0.11,-2.07,8638.08,4562.714
20081104,2732,600522.SH,5.21,5.25,4.95,5.09,5.21,-0.12,-2.3,12986.68,6607.374
20081105,2731,600522.SH,5.15,5.42,5.15,5.33,5.09,0.24,4.72,21098.66,11221.631
20081106,2730,600522.SH,5.2,5.63,5.2,5.6,5.33,0.27,5.07,41357.66,22842.855
20081107,2729,600522.SH,5.55,5.85,5.55,5.7,5.6,0.1,1.79,45064.42,25843.186
20081110,2728,600522.SH,5.83,6.15,5.7,6.11,5.7,0.41,7.19,41502.67,24626.626
20081111,2727,600522.SH,6.05,6.28,5.91,6.06,6.11,-0.05,-0.82,44241.82,27068.45
20081112,2726,600522.SH,5.98,6.16,5.93,6.08,6.06,0.02,0.33,26414.75,15939.877
20081113,2725,600522.SH,5.99,6.38,5.97,6.3,6.08,0.22,3.62,40257.17,25114.399
20081114,2724,600522.SH,6.31,6.56,6.22,6.53,6.3,0.23,3.65,44263.66,28263.073
20081117,2723,600522.SH,6.65,7.07,6.49,7.05,6.53,0.52,7.96,65274.8,44185.1
20081118,2722,600522.SH,6.9,6.99,6.35,6.36,7.05,-0.69,-9.79,54943.06,36575.686
20081119,2721,600522.SH,6.55,7.0,6.55,7.0,6.36,0.64,10.06,78219.23,54506.375
20081120,2720,600522.SH,7.4,7.69,7.06,7.16,7.0,0.16,2.29,136574.76,101028.263
20081121,2719,600522.SH,6.9,7.03,6.44,6.85,7.16,-0.31,-4.33,83209.79,55993.894
20081124,2718,600522.SH,6.71,6.84,6.36,6.38,6.85,-0.47,-6.86,36587.64,24004.916
20081125,2717,600522.SH,6.45,6.6,6.34,6.59,6.38,0.21,3.29,29070.46,18798.071
20081126,2716,600522.SH,6.7,6.77,6.45,6.56,6.59,-0.03,-0.46,25572.21,16963.79
20081127,2715,600522.SH,7.14,7.14,6.56,6.57,6.56,0.01,0.15,43011.87,29195.444
20081128,2714,600522.SH,6.55,6.55,6.32,6.43,6.57,-0.14,-2.13,20217.14,13042.423
20081201,2713,600522.SH,6.43,6.74,6.36,6.7,6.43,0.27,4.2,26012.64,17190.126
20081202,2712,600522.SH,6.52,7.04,6.42,6.9,6.7,0.2,2.99,48755.61,33325.737
20081203,2711,600522.SH,6.96,7.33,6.91,7.31,6.9,0.41,5.94,57025.45,40964.618
20081204,2710,600522.SH,7.38,7.69,7.1,7.12,7.31,-0.19,-2.6,72972.42,54622.18
20081205,2709,600522.SH,7.05,7.45,7.05,7.4,7.12,0.28,3.93,32900.71,24141.367
20081208,2708,600522.SH,7.48,7.95,7.48,7.92,7.4,0.52,7.03,66496.59,51886.507
20081209,2707,600522.SH,7.92,8.27,7.89,7.94,7.92,0.02,0.25,68385.91,55049.285
20081210,2706,600522.SH,7.9,8.65,7.86,8.5,7.94,0.56,7.05,83370.01,69569.047
20081211,2705,600522.SH,8.5,8.58,8.17,8.2,8.5,-0.3,-3.53,54919.72,45539.629
20081212,2704,600522.SH,8.24,8.49,7.98,8.14,8.2,-0.06,-0.73,75303.96,62157.224
20081215,2703,600522.SH,8.4,8.56,8.01,8.31,8.14,0.17,2.09,54486.82,45283.126
20081216,2702,600522.SH,8.54,8.97,8.32,8.89,8.31,0.58,6.98,87256.05,74882.711
20081217,2701,600522.SH,8.89,8.99,8.59,8.79,8.89,-0.1,-1.12,72035.04,63443.488
20081218,2700,600522.SH,8.8,9.2,8.6,9.13,8.79,0.34,3.87,58256.44,51919.179
20081219,2699,600522.SH,9.13,9.64,9.13,9.59,9.13,0.46,5.04,87931.49,83103.857
20081223,2698,600522.SH,9.8,9.97,9.11,9.15,9.59,-0.44,-4.59,116941.83,112824.601
20081224,2697,600522.SH,8.95,8.95,8.52,8.59,9.15,-0.56,-6.12,64796.57,56553.946
20081225,2696,600522.SH,8.71,9.04,8.59,8.77,8.59,0.18,2.1,42163.65,37245.576
20081226,2695,600522.SH,8.81,9.12,8.76,8.93,8.77,0.16,1.82,35582.64,31863.386
20081229,2694,600522.SH,8.87,8.89,8.31,8.85,8.93,-0.08,-0.9,27339.11,23568.309
20081230,2693,600522.SH,8.88,9.35,8.82,9.21,8.85,0.36,4.07,44362.38,40632.978
20081231,2692,600522.SH,9.15,9.58,9.09,9.29,9.21,0.08,0.87,41293.12,38710.649
20090105,2691,600522.SH,9.75,9.82,9.29,9.49,9.29,0.2,2.15,61204.18,58020.119
20090106,2690,600522.SH,9.5,9.84,9.28,9.75,9.49,0.26,2.74,91756.99,87864.878
20090107,2689,600522.SH,9.8,10.09,9.59,9.6,9.75,-0.15,-1.54,90286.58,89192.007
20090108,2688,600522.SH,9.38,9.45,9.14,9.38,9.6,-0.22,-2.29,56544.31,52377.771
20090109,2687,600522.SH,9.43,9.54,9.33,9.5,9.38,0.12,1.28,41517.81,39247.635
20090112,2686,600522.SH,9.47,9.95,9.27,9.74,9.5,0.24,2.53,52542.94,50674.756
20090113,2685,600522.SH,9.55,9.63,9.38,9.46,9.74,-0.28,-2.87,34427.5,32702.877
20090114,2684,600522.SH,9.45,9.71,9.2,9.62,9.46,0.16,1.69,52799.79,49864.923
20090115,2683,600522.SH,9.45,9.84,9.33,9.62,9.62,0.0,0.0,40051.83,38752.413
20090116,2682,600522.SH,9.65,10.08,9.59,9.78,9.62,0.16,1.66,54620.44,54046.363
20090119,2681,600522.SH,9.85,10.05,9.69,9.82,9.78,0.04,0.41,29736.29,29267.611
20090120,2680,600522.SH,9.81,10.17,9.64,10.16,9.82,0.34,3.46,33361.02,33057.767
20090121,2679,600522.SH,9.99,10.5,9.98,10.14,10.16,-0.02,-0.2,57351.41,58458.074
20090122,2678,600522.SH,10.3,10.43,10.08,10.3,10.14,0.16,1.58,29431.4,30372.59
20090123,2677,600522.SH,10.6,10.6,10.3,10.38,10.3,0.08,0.78,36919.72,38531.762
20090202,2676,600522.SH,10.6,10.6,10.05,10.51,10.38,0.13,1.25,50932.96,52566.196
20090203,2675,600522.SH,10.47,10.76,10.35,10.61,10.51,0.1,0.95,40320.65,42888.16
20090204,2674,600522.SH,10.65,10.73,10.53,10.66,10.61,0.05,0.47,39452.66,41970.791
20090206,2673,600522.SH,10.57,11.3,10.46,11.07,10.66,0.41,3.85,81785.49,89211.931
20090209,2672,600522.SH,11.02,11.82,11.02,11.32,11.07,0.25,2.26,76982.0,88026.833
20090210,2671,600522.SH,11.4,11.63,11.16,11.57,11.32,0.25,2.21,48602.22,55337.184
20090211,2670,600522.SH,11.25,11.69,11.24,11.35,11.57,-0.22,-1.9,65371.48,74755.905
20090212,2669,600522.SH,11.35,12.45,11.3,12.39,11.35,1.04,9.16,84341.59,99527.796
20090213,2668,600522.SH,12.4,12.77,12.17,12.38,12.39,-0.01,-0.08,75039.27,93122.907
20090216,2667,600522.SH,12.5,12.98,12.47,12.69,12.38,0.31,2.5,76870.24,97472.751
20090217,2666,600522.SH,12.69,12.71,11.89,11.92,12.69,-0.77,-6.07,50434.48,61724.199
20090218,2665,600522.SH,11.75,12.14,11.4,11.45,11.92,-0.47,-3.94,40656.6,48265.975
20090219,2664,600522.SH,11.85,12.07,11.34,11.58,11.45,0.13,1.14,67413.52,79005.503
20090220,2663,600522.SH,11.7,12.3,11.41,12.17,11.58,0.59,5.1,67724.41,81317.683
20090223,2662,600522.SH,12.16,12.83,11.95,12.57,12.17,0.4,3.29,62458.57,77392.736
20090224,2661,600522.SH,12.4,12.58,11.7,11.75,12.57,-0.82,-6.52,57769.75,70278.899
20090225,2660,600522.SH,11.93,12.02,11.31,11.79,11.75,0.04,0.34,47524.77,55595.675
20090226,2659,600522.SH,11.78,11.85,10.81,11.01,11.79,-0.78,-6.62,47553.36,53716.655
20090227,2658,600522.SH,10.9,11.3,10.46,11.01,11.01,0.0,0.0,67099.69,72933.869
20090302,2657,600522.SH,10.88,12.0,10.88,11.99,11.01,0.98,8.9,68484.39,78686.9
20090303,2656,600522.SH,11.79,12.67,11.68,12.53,11.99,0.54,4.5,117175.54,144929.982
20090304,2655,600522.SH,12.54,13.05,12.42,12.93,12.53,0.4,3.19,110221.91,140936.079
20090305,2654,600522.SH,12.92,13.36,12.69,12.91,12.93,-0.02,-0.15,78002.89,101227.392
20090306,2653,600522.SH,12.71,13.08,12.5,12.68,12.91,-0.23,-1.78,53048.33,67724.267
20090309,2652,600522.SH,12.7,12.85,12.22,12.4,12.68,-0.28,-2.21,53840.12,67023.352
20090310,2651,600522.SH,12.44,12.87,12.36,12.83,12.4,0.43,3.47,39977.14,50863.364
20090311,2650,600522.SH,13.05,13.08,12.52,12.69,12.83,-0.14,-1.09,37570.54,47925.43
20090312,2649,600522.SH,12.65,13.32,12.35,13.19,12.69,0.5,3.94,66765.64,85687.129
20090313,2648,600522.SH,13.2,13.44,12.84,12.89,13.19,-0.3,-2.27,58197.93,76289.874
20090316,2647,600522.SH,12.85,13.1,12.51,12.92,12.89,0.03,0.23,37037.65,47521.782
20090317,2646,600522.SH,13.18,13.6,13.03,13.29,12.92,0.37,2.86,76294.2,101935.692
20090318,2645,600522.SH,13.31,13.75,13.23,13.6,13.29,0.31,2.33,55062.61,74790.585
20090319,2644,600522.SH,13.64,14.35,13.51,13.89,13.6,0.29,2.13,90909.69,127541.119
20090320,2643,600522.SH,13.95,14.04,13.42,13.85,13.89,-0.04,-0.29,86019.31,117620.639
20090323,2642,600522.SH,14.08,14.59,13.6,13.84,13.85,-0.01,-0.07,57923.33,80587.137
20090324,2641,600522.SH,14.05,14.05,13.68,13.84,13.84,0.0,0.0,47704.71,65829.854
20090325,2640,600522.SH,13.8,13.96,13.13,13.18,13.84,-0.66,-4.77,47296.04,64496.836
20090326,2639,600522.SH,13.15,13.67,13.15,13.6,13.18,0.42,3.19,40337.93,54019.111
20090327,2638,600522.SH,13.6,13.8,13.13,13.25,13.6,-0.35,-2.57,75279.37,101088.221
20090330,2637,600522.SH,13.26,13.59,13.13,13.56,13.25,0.31,2.34,41105.04,55180.048
20090331,2636,600522.SH,13.32,13.9,13.06,13.85,13.56,0.29,2.14,43389.16,59096.363
20090401,2635,600522.SH,13.95,14.31,13.85,13.95,13.85,0.1,0.72,53655.34,75581.186
20090402,2634,600522.SH,13.93,14.1,13.84,13.85,13.95,-0.1,-0.72,39242.09,54565.516
20090403,2633,600522.SH,13.87,13.97,13.41,13.59,13.85,-0.26,-1.88,38446.25,52551.832
20090407,2632,600522.SH,13.59,13.95,13.55,13.79,13.59,0.2,1.47,38048.86,52399.056
20090408,2631,600522.SH,13.75,14.1,13.7,13.72,13.79,-0.07,-0.51,55785.18,77720.198
20090409,2630,600522.SH,13.79,13.9,13.26,13.72,13.72,0.0,0.0,35431.34,47886.603
20090410,2629,600522.SH,13.78,14.35,13.61,14.22,13.72,0.5,3.64,82249.02,115752.574
20090413,2628,600522.SH,14.23,14.67,14.14,14.24,14.22,0.02,0.14,70791.2,101671.867
20090414,2627,600522.SH,14.38,15.29,14.22,15.24,14.24,1.0,7.02,109714.17,163881.149
20090415,2626,600522.SH,15.0,15.75,15.0,15.59,15.24,0.35,2.3,126530.5,194858.275
20090416,2625,600522.SH,15.92,16.2,15.15,15.4,15.59,-0.19,-1.22,158422.79,245663.913
20090417,2624,600522.SH,15.48,16.0,15.3,15.66,15.4,0.26,1.69,117712.48,185168.497
20090420,2623,600522.SH,15.73,16.21,15.71,15.8,15.66,0.14,0.89,81318.69,129598.194
20090421,2622,600522.SH,15.65,15.65,15.21,15.39,15.8,-0.41,-2.59,83840.93,129011.2
20090422,2621,600522.SH,15.43,15.83,14.56,14.63,15.39,-0.76,-4.94,135996.08,208599.093
20090423,2620,600522.SH,14.42,14.82,14.38,14.75,14.63,0.12,0.82,52643.16,76922.107
20090424,2619,600522.SH,14.75,15.14,14.65,14.92,14.75,0.17,1.15,81263.82,121224.934
20090427,2618,600522.SH,15.01,15.01,14.49,14.6,14.92,-0.32,-2.14,51392.8,75234.531
20090428,2617,600522.SH,14.5,14.81,14.42,14.76,14.6,0.16,1.1,38659.95,56689.442
20090429,2616,600522.SH,14.76,15.38,14.75,15.22,14.76,0.46,3.12,64582.46,97687.856
20090430,2615,600522.SH,15.32,16.74,15.3,16.29,15.22,1.07,7.03,151703.01,246572.05
20090504,2614,600522.SH,16.6,16.7,16.22,16.6,16.29,0.31,1.9,86414.2,142756.295
20090505,2613,600522.SH,16.65,17.37,16.47,16.97,16.6,0.37,2.23,100951.76,171281.142
20090506,2612,600522.SH,17.01,17.17,16.79,16.87,16.97,-0.1,-0.59,83238.43,140991.563
20090507,2611,600522.SH,16.93,17.31,16.77,17.28,16.87,0.41,2.43,92738.29,157885.597
20090508,2610,600522.SH,17.2,17.2,16.4,16.48,17.28,-0.8,-4.63,80633.15,134474.434
20090511,2609,600522.SH,16.57,16.57,15.65,15.76,16.48,-0.72,-4.37,88251.5,141237.998
20090512,2608,600522.SH,15.68,16.2,15.68,16.19,15.76,0.43,2.73,66372.29,106429.465
20090513,2607,600522.SH,16.2,16.3,15.8,16.01,16.19,-0.18,-1.11,51191.91,81903.036
20090514,2606,600522.SH,16.0,16.54,15.85,16.52,16.01,0.51,3.19,64959.13,105523.652
20090515,2605,600522.SH,16.57,16.65,16.16,16.29,16.52,-0.23,-1.39,54733.97,89520.112
20090518,2604,600522.SH,16.19,16.19,15.7,16.04,16.29,-0.25,-1.53,56907.53,90251.725
20090519,2603,600522.SH,16.1,16.48,15.95,16.0,16.04,-0.04,-0.25,72293.49,117083.211
20090521,2602,600522.SH,15.8,16.08,15.18,15.31,16.0,-0.69,-4.31,85591.38,132998.096
20090522,2601,600522.SH,15.34,15.68,15.28,15.52,15.31,0.21,1.37,46089.86,71319.101
20090525,2600,600522.SH,15.0,15.65,14.89,15.5,15.52,-0.02,-0.13,52302.31,80302.039
20090526,2599,600522.SH,15.54,16.39,15.54,16.05,15.5,0.55,3.55,95690.0,154335.95
20090527,2598,600522.SH,16.14,16.28,15.65,15.99,16.05,-0.06,-0.37,58408.8,92767.158
20090601,2597,600522.SH,16.1,16.3,15.82,15.9,15.99,-0.09,-0.56,73566.41,118163.703
20090602,2596,600522.SH,15.93,16.09,15.67,15.93,15.9,0.03,0.19,63923.44,101519.681
20090603,2595,600522.SH,15.97,16.24,15.94,16.18,15.93,0.25,1.57,70324.3,113333.204
20090604,2594,600522.SH,16.13,16.29,15.7,15.87,16.18,-0.31,-1.92,61951.86,98770.977
20090605,2593,600522.SH,15.9,15.99,15.34,15.36,15.87,-0.51,-3.21,71240.39,110477.27
20090608,2592,600522.SH,15.3,15.7,14.9,15.63,15.36,0.27,1.76,78872.12,120218.808
20090609,2591,600522.SH,15.38,15.52,15.11,15.44,15.63,-0.19,-1.22,34094.51,52285.449
20090610,2590,600522.SH,15.49,16.69,15.3,16.27,15.44,0.83,5.38,132794.23,214796.299
20090611,2589,600522.SH,16.22,16.73,16.11,16.34,16.27,0.07,0.43,107576.15,176225.335
20090612,2588,600522.SH,16.45,16.6,16.24,16.29,16.34,-0.05,-0.31,81232.3,132864.544
20090615,2587,600522.SH,16.41,16.93,16.25,16.77,16.29,0.48,2.95,98468.16,162920.134
20090616,2586,600522.SH,16.6,16.67,16.26,16.37,16.77,-0.4,-2.39,57962.95,95128.279
20090617,2585,600522.SH,16.37,16.54,15.99,16.37,16.37,0.0,0.0,92963.19,150211.678
20090618,2584,600522.SH,16.33,16.37,16.12,16.24,16.37,-0.13,-0.79,52585.38,85313.727
20090619,2583,600522.SH,16.45,16.8,16.27,16.75,16.24,0.51,3.14,139209.81,230518.425
20090622,2582,600522.SH,16.97,17.5,16.62,16.69,16.75,-0.06,-0.36,137321.83,234616.257
20090623,2581,600522.SH,16.3,16.6,16.2,16.39,16.69,-0.3,-1.8,64033.74,104978.476
20090624,2580,600522.SH,16.56,16.98,16.33,16.7,16.39,0.31,1.89,78068.59,129762.484
20090625,2579,600522.SH,16.7,17.38,16.68,17.16,16.7,0.46,2.75,97057.78,165797.932
20090626,2578,600522.SH,17.24,18.0,17.1,17.96,17.16,0.8,4.66,149886.68,264875.064
20090629,2577,600522.SH,18.1,19.37,17.96,18.15,17.96,0.19,1.06,190782.91,357058.873
20090630,2576,600522.SH,18.0,18.99,17.75,18.65,18.15,0.5,2.75,135408.53,250022.609
20090701,2575,600522.SH,18.45,18.79,18.3,18.5,18.65,-0.15,-0.8,77048.07,142329.316
20090702,2574,600522.SH,18.69,18.69,17.85,17.94,18.5,-0.56,-3.03,113400.99,205659.958
20090703,2573,600522.SH,17.78,18.17,17.71,17.87,17.94,-0.07,-0.39,73977.27,132714.573
20090706,2572,600522.SH,17.76,18.34,17.4,18.0,17.87,0.13,0.73,71822.16,128218.035
20090707,2571,600522.SH,18.0,19.3,17.95,18.99,18.0,0.99,5.5,136612.76,257875.29
20090708,2570,600522.SH,18.86,19.4,18.71,19.37,18.99,0.38,2.0,112855.66,216037.234
20090709,2569,600522.SH,19.4,20.0,18.9,19.98,19.37,0.61,3.15,122563.94,240819.843
20090710,2568,600522.SH,19.94,20.28,19.55,19.74,19.98,-0.24,-1.2,85720.51,169882.709
20090713,2567,600522.SH,19.6,19.82,19.19,19.21,19.74,-0.53,-2.68,73103.81,141975.85
20090714,2566,600522.SH,19.25,19.82,19.25,19.65,19.21,0.44,2.29,57328.04,112507.325
20090715,2565,600522.SH,19.71,20.15,19.36,19.59,19.65,-0.06,-0.31,72211.85,142335.538
20090716,2564,600522.SH,19.53,19.91,19.23,19.37,19.59,-0.22,-1.12,65764.54,127269.665
20090717,2563,600522.SH,19.46,19.84,19.37,19.53,19.37,0.16,0.83,48019.73,94102.4
20090720,2562,600522.SH,19.65,20.25,19.64,19.97,19.53,0.44,2.25,118715.56,238193.567
20090721,2561,600522.SH,19.95,19.97,19.0,19.15,19.97,-0.82,-4.11,73733.28,143470.522
20090722,2560,600522.SH,19.15,19.39,19.1,19.21,19.15,0.06,0.31,50865.89,97645.515
20090723,2559,600522.SH,19.2,19.68,19.1,19.66,19.21,0.45,2.34,56572.45,109395.759
20090724,2558,600522.SH,19.73,20.31,19.57,20.3,19.66,0.64,3.26,120990.93,241401.865
20090727,2557,600522.SH,20.9,21.5,20.75,20.8,20.3,0.5,2.46,112843.26,237725.479
20090728,2556,600522.SH,20.58,21.35,20.5,20.97,20.8,0.17,0.82,71604.0,150274.362
20090729,2555,600522.SH,21.0,21.65,19.01,20.08,20.97,-0.89,-4.24,91927.97,189960.588
20090730,2554,600522.SH,20.1,20.45,19.38,20.07,20.08,-0.01,-0.05,74861.01,148633.611
20090731,2553,600522.SH,21.03,21.11,20.5,20.61,20.07,0.54,2.69,74090.42,154328.568
20090803,2552,600522.SH,21.04,21.44,20.6,21.24,20.61,0.63,3.06,72099.67,151959.65
20090804,2551,600522.SH,21.01,21.2,20.4,20.83,21.24,-0.41,-1.93,49505.79,102813.365
20090805,2550,600522.SH,20.68,20.96,20.3,20.9,20.83,0.07,0.34,52318.23,107843.83
20090806,2549,600522.SH,20.67,21.87,20.65,21.38,20.9,0.48,2.3,99824.95,213372.495
20090807,2548,600522.SH,21.57,23.0,21.38,22.51,21.38,1.13,5.29,119357.99,266358.61
20090810,2547,600522.SH,22.88,23.45,22.1,22.39,22.51,-0.12,-0.53,98852.41,225790.781
20090811,2546,600522.SH,22.25,22.27,21.58,21.73,22.39,-0.66,-2.95,45440.73,99539.468
20090812,2545,600522.SH,21.6,22.09,20.6,20.64,21.73,-1.09,-5.02,50009.01,106547.109
20090813,2544,600522.SH,20.67,21.17,20.3,20.88,20.64,0.24,1.16,37731.23,78383.047
20090814,2543,600522.SH,21.1,21.1,19.46,19.5,20.88,-1.38,-6.61,58246.27,116492.523
20090817,2542,600522.SH,19.11,19.3,17.55,17.59,19.5,-1.91,-9.79,94428.78,172452.325
20090818,2541,600522.SH,17.55,18.4,17.51,18.27,17.59,0.68,3.87,47617.68,85980.815
20090819,2540,600522.SH,18.44,18.5,17.8,17.96,18.27,-0.31,-1.7,42486.39,76950.332
20090820,2539,600522.SH,18.03,19.35,18.0,19.29,17.96,1.33,7.41,49190.02,91982.469
20090821,2538,600522.SH,19.35,19.95,18.9,19.85,19.29,0.56,2.9,61960.87,120281.499
20090824,2537,600522.SH,19.91,20.08,19.6,19.84,19.85,-0.01,-0.05,41094.56,81665.496
20090825,2536,600522.SH,19.68,19.7,18.65,19.21,19.84,-0.63,-3.18,57211.35,109422.801
20090826,2535,600522.SH,19.1,20.35,19.06,20.05,19.21,0.84,4.37,49345.88,98653.866
20090827,2534,600522.SH,20.0,21.01,19.81,20.77,20.05,0.72,3.59,54584.16,112796.071
20090828,2533,600522.SH,21.0,21.2,20.0,21.09,20.77,0.32,1.54,65816.38,137072.921
20090831,2532,600522.SH,20.86,20.86,18.98,18.98,21.09,-2.11,-10.0,61120.11,120213.0
20090901,2531,600522.SH,18.8,19.35,18.68,18.85,18.98,-0.13,-0.68,44666.08,85030.629
20090902,2530,600522.SH,19.1,19.25,18.09,18.5,18.85,-0.35,-1.86,33796.74,63170.772
20090903,2529,600522.SH,18.66,19.34,18.5,19.24,18.5,0.74,4.0,66669.02,126772.711
20090904,2528,600522.SH,19.25,19.5,19.1,19.39,19.24,0.15,0.78,47224.95,91126.282
20090907,2527,600522.SH,19.55,19.97,19.01,19.36,19.39,-0.03,-0.15,76528.49,149670.619
20090908,2526,600522.SH,19.18,19.66,18.79,19.65,19.36,0.29,1.5,48000.05,92359.546
20090909,2525,600522.SH,19.64,19.95,19.33,19.81,19.65,0.16,0.81,56266.01,110879.881
20090910,2524,600522.SH,19.9,20.9,19.76,20.61,19.81,0.8,4.04,107685.49,220195.877
20090911,2523,600522.SH,20.72,21.22,20.44,21.19,20.61,0.58,2.81,99783.99,209331.484
20090914,2522,600522.SH,21.3,21.79,21.06,21.1,21.19,-0.09,-0.42,94335.49,201314.472
20090915,2521,600522.SH,21.34,21.48,20.83,21.13,21.1,0.03,0.14,91807.65,194244.794
20090916,2520,600522.SH,21.36,21.98,21.36,21.91,21.13,0.78,3.69,112389.42,243905.902
20090917,2519,600522.SH,21.91,22.97,21.65,22.56,21.91,0.65,2.97,93806.85,211194.461
20090918,2518,600522.SH,22.56,22.78,20.98,21.15,22.56,-1.41,-6.25,91761.43,201031.174
20090921,2517,600522.SH,20.97,23.03,20.7,22.72,21.15,1.57,7.42,116949.46,258031.482
20090922,2516,600522.SH,22.61,24.2,22.55,23.3,22.72,0.58,2.55,156693.24,370698.485
20090923,2515,600522.SH,23.01,23.5,22.45,22.49,23.3,-0.81,-3.48,85873.05,196146.852
20090924,2514,600522.SH,22.15,22.8,22.1,22.51,22.49,0.02,0.09,55399.1,124429.03
20090925,2513,600522.SH,22.49,23.49,22.38,22.41,22.51,-0.1,-0.44,40009.69,91330.939
20090928,2512,600522.SH,22.16,22.74,21.0,21.28,22.41,-1.13,-5.04,40500.77,88567.762
20090929,2511,600522.SH,21.01,21.97,20.86,21.93,21.28,0.65,3.05,43991.6,93654.078
20090930,2510,600522.SH,22.22,22.25,21.3,21.41,21.93,-0.52,-2.37,51854.36,112658.095
20091009,2509,600522.SH,21.9,22.66,21.6,22.46,21.41,1.05,4.9,40302.08,90054.133
20091012,2508,600522.SH,22.46,23.24,22.32,22.61,22.46,0.15,0.67,34380.02,78371.627
20091013,2507,600522.SH,22.6,23.26,22.51,23.23,22.61,0.62,2.74,46033.89,106094.431
20091014,2506,600522.SH,23.23,23.49,22.87,23.22,23.23,-0.01,-0.04,63637.97,146942.246
20091015,2505,600522.SH,23.26,23.8,23.09,23.71,23.22,0.49,2.11,58342.21,136626.776
20091016,2504,600522.SH,23.71,23.94,23.4,23.93,23.71,0.22,0.93,46749.32,110419.971
20091019,2503,600522.SH,23.88,24.07,23.65,23.93,23.93,0.0,0.0,44724.72,106865.928
20091020,2502,600522.SH,24.16,24.24,23.45,23.59,23.93,-0.34,-1.42,55274.14,131459.17
20091021,2501,600522.SH,23.51,23.75,23.21,23.26,23.59,-0.33,-1.4,39855.78,93525.666
20091022,2500,600522.SH,23.18,23.62,23.13,23.21,23.26,-0.05,-0.22,31528.2,73601.791
20091023,2499,600522.SH,23.28,23.77,23.1,23.14,23.21,-0.07,-0.3,64553.36,150182.297
20091026,2498,600522.SH,23.5,23.85,23.25,23.31,23.14,0.17,0.73,61123.11,143804.08
20091027,2497,600522.SH,23.21,23.67,22.81,23.24,23.31,-0.07,-0.3,77036.65,179479.57
20091028,2496,600522.SH,23.28,23.34,22.58,23.18,23.24,-0.06,-0.26,48896.59,112112.922
20091029,2495,600522.SH,22.7,22.94,22.6,22.75,23.18,-0.43,-1.86,22269.0,50670.04
20091030,2494,600522.SH,23.07,23.56,22.91,23.29,22.75,0.54,2.37,44944.93,104708.476
20091102,2493,600522.SH,22.8,24.2,22.68,24.11,23.29,0.82,3.52,62473.73,148011.095
20091103,2492,600522.SH,24.14,24.48,23.88,24.12,24.11,0.01,0.04,44526.31,107336.203
20091104,2491,600522.SH,24.2,24.65,23.94,24.32,24.12,0.2,0.83,65303.87,158893.187
20091105,2490,600522.SH,24.25,24.47,23.81,24.04,24.32,-0.28,-1.15,54433.09,130977.264
20091106,2489,600522.SH,24.18,24.24,23.78,23.87,24.04,-0.17,-0.71,61051.88,146411.651
20091109,2488,600522.SH,23.8,24.14,23.63,24.04,23.87,0.17,0.71,36122.54,86402.0
20091111,2487,600522.SH,23.85,24.08,23.3,23.69,24.04,-0.35,-1.46,47399.1,111887.694
20091112,2486,600522.SH,23.63,24.24,23.45,23.72,23.69,0.03,0.13,57441.02,136559.884
20091113,2485,600522.SH,23.61,24.53,23.61,24.48,23.72,0.76,3.2,78358.99,189613.4
20091116,2484,600522.SH,24.75,25.52,24.71,25.1,24.48,0.62,2.53,99054.45,248896.093
20091117,2483,600522.SH,25.14,25.2,24.7,24.94,25.1,-0.16,-0.64,50151.22,125063.35
20091118,2482,600522.SH,24.89,25.0,24.48,24.56,24.94,-0.38,-1.52,68351.97,168546.24
20091119,2481,600522.SH,24.5,24.9,24.48,24.82,24.56,0.26,1.06,44115.86,108782.457
20091120,2480,600522.SH,24.78,24.88,24.41,24.53,24.82,-0.29,-1.17,48637.54,119540.701
20091123,2479,600522.SH,24.61,25.2,24.56,25.03,24.53,0.5,2.04,60520.58,150806.987
20091124,2478,600522.SH,25.25,25.48,23.41,23.62,25.03,-1.41,-5.63,76120.94,188207.721
20091125,2477,600522.SH,23.42,25.09,23.42,25.0,23.62,1.38,5.84,102932.94,249361.901
20091126,2476,600522.SH,25.0,25.45,23.78,23.82,25.0,-1.18,-4.72,62936.81,154696.629
20091127,2475,600522.SH,23.4,24.26,23.39,23.8,23.82,-0.02,-0.08,48604.8,116027.74
20091130,2474,600522.SH,24.0,24.9,23.91,24.86,23.8,1.06,4.45,40713.64,99872.071
20091201,2473,600522.SH,24.7,25.65,24.65,25.63,24.86,0.77,3.1,82857.43,209960.454
20091202,2472,600522.SH,25.88,25.93,25.26,25.69,25.63,0.06,0.23,50281.8,128010.546
20091203,2471,600522.SH,25.6,26.49,25.34,25.96,25.69,0.27,1.05,58686.31,152552.08
20091204,2470,600522.SH,25.94,25.94,24.68,25.05,25.96,-0.91,-3.51,51473.34,129854.206
20091207,2469,600522.SH,25.05,25.76,25.05,25.34,25.05,0.29,1.16,40282.25,102579.365
20091208,2468,600522.SH,25.35,25.48,25.03,25.26,25.34,-0.08,-0.32,28290.11,71325.75
20091209,2467,600522.SH,25.05,25.44,24.88,24.95,25.26,-0.31,-1.23,24837.85,62443.894
20091210,2466,600522.SH,25.01,25.34,24.91,25.29,24.95,0.34,1.36,21513.23,54001.75
20091211,2465,600522.SH,25.5,25.5,24.96,25.1,25.29,-0.19,-0.75,17747.13,44660.592
20091214,2464,600522.SH,25.01,25.15,24.56,24.97,25.1,-0.13,-0.52,18694.32,46361.65
20091215,2463,600522.SH,24.86,25.7,24.86,25.48,24.97,0.51,2.04,33108.76,84198.39
20091216,2462,600522.SH,25.4,25.86,24.9,25.05,25.48,-0.43,-1.69,32441.63,82204.219
20091217,2461,600522.SH,25.12,25.3,24.22,24.26,25.05,-0.79,-3.15,24552.62,60581.878
20091218,2460,600522.SH,24.15,24.15,23.0,23.26,24.26,-1.0,-4.12,34923.65,82385.494
20091221,2459,600522.SH,23.25,23.68,22.78,23.47,23.26,0.21,0.9,55624.08,129095.004
20091222,2458,600522.SH,23.5,23.78,22.71,22.73,23.47,-0.74,-3.15,37852.61,88301.877
20091223,2457,600522.SH,22.76,23.3,22.45,23.14,22.73,0.41,1.8,50032.24,114637.49
20091224,2456,600522.SH,23.15,23.94,23.01,23.83,23.14,0.69,2.98,59951.09,141583.729
20091225,2455,600522.SH,23.82,24.38,23.6,24.31,23.83,0.48,2.01,45065.76,108625.967
20091228,2454,600522.SH,24.53,24.85,24.04,24.68,24.31,0.37,1.52,48330.65,118450.907
20091229,2453,600522.SH,24.71,24.86,24.37,24.78,24.68,0.1,0.41,39362.94,97062.914
20091230,2452,600522.SH,24.79,24.8,24.32,24.45,24.78,-0.33,-1.33,33561.24,82025.952
20091231,2451,600522.SH,24.7,24.85,24.4,24.77,24.45,0.32,1.31,48838.03,120374.642
20100104,2450,600522.SH,24.8,25.58,24.78,25.29,24.77,0.52,2.1,60804.42,153001.274
20100105,2449,600522.SH,25.44,25.44,24.7,25.01,25.29,-0.28,-1.11,44298.98,110708.59
20100106,2448,600522.SH,25.03,25.56,24.98,25.01,25.01,0.0,0.0,59436.17,150498.685
20100107,2447,600522.SH,24.9,25.0,23.8,23.97,25.01,-1.04,-4.16,53451.97,131097.382
20100108,2446,600522.SH,23.82,24.29,23.35,24.25,23.97,0.28,1.17,41900.71,100102.103
20100111,2445,600522.SH,24.46,24.68,23.89,24.58,24.25,0.33,1.36,50991.07,123853.637
20100112,2444,600522.SH,24.68,26.0,24.32,25.82,24.58,1.24,5.04,108345.0,276182.722
20100113,2443,600522.SH,25.24,27.33,25.22,26.24,25.82,0.42,1.63,129619.83,344387.844
20100114,2442,600522.SH,26.87,28.36,26.8,27.99,26.24,1.75,6.67,152069.74,422510.559
20100115,2441,600522.SH,28.13,28.59,27.5,28.16,27.99,0.17,0.61,120338.72,337299.399
20100118,2440,600522.SH,28.02,28.8,27.8,28.55,28.16,0.39,1.38,69444.85,197448.165
20100119,2439,600522.SH,28.4,29.18,27.79,28.7,28.55,0.15,0.53,77390.28,221462.219
20100120,2438,600522.SH,28.9,28.93,26.75,26.89,28.7,-1.81,-6.31,85789.48,236334.358
20100121,2437,600522.SH,27.04,27.24,26.38,26.53,26.89,-0.36,-1.34,39030.46,104194.113
20100122,2436,600522.SH,26.18,26.38,24.89,25.78,26.53,-0.75,-2.83,70762.15,181042.686
20100125,2435,600522.SH,26.0,26.59,25.7,25.71,25.78,-0.07,-0.27,93480.33,244807.963
20100126,2434,600522.SH,25.65,25.88,24.7,25.0,25.71,-0.71,-2.76,67188.08,169481.909
20100127,2433,600522.SH,25.15,25.64,24.81,25.01,25.0,0.01,0.04,63417.34,159606.444
20100128,2432,600522.SH,24.82,25.64,24.82,25.48,25.01,0.47,1.88,42193.81,106639.599
20100129,2431,600522.SH,25.42,26.09,25.18,25.55,25.48,0.07,0.27,48431.74,124529.442
20100201,2430,600522.SH,25.33,25.68,24.8,25.36,25.55,-0.19,-0.74,40802.6,103221.672
20100202,2429,600522.SH,25.58,25.81,24.85,24.94,25.36,-0.42,-1.66,36342.6,92239.81
20100203,2428,600522.SH,24.94,25.19,23.63,24.73,24.94,-0.21,-0.84,58601.08,142010.255
20100204,2427,600522.SH,24.5,24.9,24.23,24.52,24.73,-0.21,-0.85,39475.26,96940.062
20100205,2426,600522.SH,23.81,24.3,23.71,23.8,24.52,-0.72,-2.94,40081.55,95840.703
20100208,2425,600522.SH,23.44,23.92,22.99,23.21,23.8,-0.59,-2.48,39811.87,92808.95
20100209,2424,600522.SH,23.19,23.34,22.71,23.12,23.21,-0.09,-0.39,42963.78,98717.931
20100210,2423,600522.SH,23.27,23.94,23.21,23.92,23.12,0.8,3.46,38799.83,91482.399
20100211,2422,600522.SH,23.94,24.28,23.7,24.06,23.92,0.14,0.59,32615.5,78620.349
20100212,2421,600522.SH,24.24,24.57,24.08,24.51,24.06,0.45,1.87,31537.4,76825.34
20100222,2420,600522.SH,24.4,24.4,23.95,23.98,24.51,-0.53,-2.16,25492.03,61473.971
20100223,2419,600522.SH,23.9,24.32,23.27,24.3,23.98,0.32,1.33,34927.5,83140.495
20100224,2418,600522.SH,24.18,24.75,23.85,24.68,24.3,0.38,1.56,51751.56,126917.572
20100225,2417,600522.SH,24.9,25.15,24.65,25.02,24.68,0.34,1.38,47436.94,117998.754
20100226,2416,600522.SH,25.0,25.01,24.46,24.64,25.02,-0.38,-1.52,54154.6,133799.863
20100301,2415,600522.SH,24.61,25.45,24.33,25.3,24.64,0.66,2.68,54982.24,137368.786
20100302,2414,600522.SH,25.15,25.28,24.6,24.65,25.3,-0.65,-2.57,72617.22,180985.701
20100303,2413,600522.SH,24.66,25.3,24.66,24.95,24.65,0.3,1.22,55065.27,137810.383
20100304,2412,600522.SH,24.55,24.86,23.8,24.0,24.95,-0.95,-3.81,89164.14,219068.586
20100305,2411,600522.SH,24.13,24.2,23.6,23.67,24.0,-0.33,-1.38,63280.66,150895.473
20100308,2410,600522.SH,23.67,23.87,23.45,23.82,23.67,0.15,0.63,48693.02,115364.131
20100309,2409,600522.SH,23.8,24.1,23.7,23.85,23.82,0.03,0.13,47291.86,113020.84
20100310,2408,600522.SH,23.9,24.06,23.28,23.52,23.85,-0.33,-1.38,38865.34,91961.57
20100311,2407,600522.SH,23.5,23.64,22.78,23.13,23.52,-0.39,-1.66,54771.57,126480.449
20100312,2406,600522.SH,23.1,23.3,22.8,22.82,23.13,-0.31,-1.34,38703.24,89037.592
20100315,2405,600522.SH,22.85,23.28,22.8,23.07,22.82,0.25,1.1,31574.74,72814.331
20100316,2404,600522.SH,23.08,23.25,22.74,22.88,23.07,-0.19,-0.82,44184.4,101807.105
20100317,2403,600522.SH,22.95,23.5,22.88,23.46,22.88,0.58,2.54,85729.77,199330.367
20100318,2402,600522.SH,23.74,24.48,23.73,24.1,23.46,0.64,2.73,128921.65,310830.625
20100319,2401,600522.SH,24.29,24.59,24.1,24.51,24.1,0.41,1.7,103860.19,253707.886
20100322,2400,600522.SH,24.56,24.83,24.21,24.31,24.51,-0.2,-0.82,64503.34,158169.649
20100323,2399,600522.SH,24.32,24.4,23.63,23.7,24.31,-0.61,-2.51,75334.07,179773.811
20100324,2398,600522.SH,23.9,23.98,23.65,23.84,23.7,0.14,0.59,56791.43,135297.307
20100325,2397,600522.SH,23.92,24.07,23.27,23.29,23.84,-0.55,-2.31,69277.39,164053.349
20100326,2396,600522.SH,23.4,23.9,23.2,23.77,23.29,0.48,2.06,46041.94,108595.619
20100329,2395,600522.SH,23.9,24.17,23.7,23.97,23.77,0.2,0.84,67093.85,160368.205
20100330,2394,600522.SH,23.98,24.6,23.91,24.26,23.97,0.29,1.21,78888.19,191677.518
20100331,2393,600522.SH,24.36,25.56,24.1,25.34,24.26,1.08,4.45,136340.23,339428.533
20100401,2392,600522.SH,25.3,26.15,25.21,25.68,25.34,0.34,1.34,149877.38,385616.245
20100402,2391,600522.SH,25.73,25.86,25.31,25.49,25.68,-0.19,-0.74,82010.45,209366.835
20100406,2390,600522.SH,25.57,25.85,25.24,25.44,25.49,-0.05,-0.2,81348.57,207759.964
20100407,2389,600522.SH,25.9,26.45,25.4,25.44,25.44,0.0,0.0,146993.43,379648.525
20100408,2388,600522.SH,25.11,25.37,24.36,24.77,25.44,-0.67,-2.63,130580.16,324638.454
20100409,2387,600522.SH,24.89,26.68,24.88,26.05,24.77,1.28,5.17,350372.04,907114.497
20100412,2386,600522.SH,26.3,27.55,26.3,27.37,26.05,1.32,5.07,241882.95,655717.332
20100413,2385,600522.SH,27.37,27.37,25.41,26.29,27.37,-1.08,-3.95,172223.67,456151.564
20100414,2384,600522.SH,26.32,26.81,26.32,26.59,26.29,0.3,1.14,89339.25,237666.737
20100415,2383,600522.SH,26.73,27.49,25.8,26.46,26.59,-0.13,-0.49,118817.46,317749.71
20100416,2382,600522.SH,26.65,26.65,25.58,25.68,26.46,-0.78,-2.95,115762.46,298709.83
20100419,2381,600522.SH,25.3,25.69,24.2,24.24,25.68,-1.44,-5.61,118356.03,295328.656
20100420,2380,600522.SH,24.25,25.08,24.25,25.01,24.24,0.77,3.18,80453.41,198417.787
20100421,2379,600522.SH,25.14,26.38,25.0,26.33,25.01,1.32,5.28,91596.22,236268.687
20100422,2378,600522.SH,26.15,26.89,25.82,26.18,26.33,-0.15,-0.57,110089.58,290569.107
20100423,2377,600522.SH,26.33,26.58,25.49,25.71,26.18,-0.47,-1.8,77811.29,201891.255
20100426,2376,600522.SH,25.5,25.95,25.45,25.57,25.71,-0.14,-0.54,61093.16,157023.894
20100427,2375,600522.SH,25.6,25.7,24.47,25.14,25.57,-0.43,-1.68,67075.1,166970.392
20100428,2374,600522.SH,24.7,25.45,24.61,24.69,25.14,-0.45,-1.79,43244.5,107952.731
20100430,2373,600522.SH,24.14,24.14,22.87,22.95,24.69,-1.74,-7.05,72135.9,167263.809
20100504,2372,600522.SH,22.54,23.1,22.2,22.57,22.95,-0.38,-1.66,27291.96,61924.885
20100505,2371,600522.SH,22.21,23.26,22.21,23.09,22.57,0.52,2.3,54178.52,124164.792
20100506,2370,600522.SH,23.25,23.29,22.25,22.26,23.09,-0.83,-3.59,46393.64,105484.555
20100507,2369,600522.SH,21.81,21.81,21.23,21.4,22.26,-0.86,-3.86,70191.84,150669.552
20100510,2368,600522.SH,21.32,21.6,19.89,20.66,21.4,-0.74,-3.46,52610.03,108769.91
20100511,2367,600522.SH,21.18,21.33,19.89,19.94,20.66,-0.72,-3.49,63028.97,129771.905
20100512,2366,600522.SH,19.67,20.37,18.11,18.74,19.94,-1.2,-6.02,87783.53,167472.159
20100513,2365,600522.SH,18.8,19.78,18.38,19.76,18.74,1.02,5.44,83434.95,158970.721
20100514,2364,600522.SH,19.28,19.89,18.96,19.56,19.56,0.0,0.0,77543.72,150741.636
20100517,2363,600522.SH,19.0,19.2,17.6,17.64,19.56,-1.92,-9.82,65765.46,121428.709
20100518,2362,600522.SH,17.92,18.28,17.42,18.03,17.64,0.39,2.21,89331.53,159515.308
20100519,2361,600522.SH,17.88,18.55,17.5,18.33,18.03,0.3,1.66,77127.51,140111.293
20100520,2360,600522.SH,18.09,18.84,18.06,18.11,18.33,-0.22,-1.2,75121.46,138677.143
20100521,2359,600522.SH,17.4,18.74,17.3,18.7,18.11,0.59,3.26,67373.25,122499.378
20100524,2358,600522.SH,18.92,19.82,18.92,19.77,18.7,1.07,5.72,81154.58,158375.18
20100525,2357,600522.SH,19.59,20.1,19.31,19.5,19.77,-0.27,-1.37,81736.89,160954.663
20100526,2356,600522.SH,19.51,19.93,19.41,19.61,19.5,0.11,0.56,59229.55,116186.007
20100527,2355,600522.SH,19.52,19.97,19.24,19.94,19.61,0.33,1.68,70392.79,138748.468
20100528,2354,600522.SH,20.19,20.67,19.88,20.25,19.94,0.31,1.55,75239.05,152469.973
20100531,2353,600522.SH,19.91,20.08,18.89,18.97,20.25,-1.28,-6.32,72651.41,142086.786
20100601,2352,600522.SH,18.75,18.87,18.03,18.45,18.97,-0.52,-2.74,75160.23,138776.485
20100602,2351,600522.SH,18.3,18.7,18.05,18.61,18.45,0.16,0.87,49540.02,91129.862
20100603,2350,600522.SH,18.82,19.05,18.41,18.44,18.61,-0.17,-0.91,61356.09,115648.696
20100604,2349,600522.SH,18.15,18.75,18.1,18.72,18.44,0.28,1.52,40475.08,74856.168
20100607,2348,600522.SH,18.2,18.93,18.08,18.76,18.72,0.04,0.21,50289.21,93627.307
20100608,2347,600522.SH,19.13,19.8,18.95,19.79,18.76,1.03,5.49,131084.52,253850.582
20100609,2346,600522.SH,19.9,20.4,19.89,20.2,19.79,0.41,2.07,105535.57,212295.34
20100610,2345,600522.SH,20.1,20.72,19.9,20.35,20.2,0.15,0.74,79834.49,162915.146
20100611,2344,600522.SH,20.57,20.73,20.01,20.29,20.35,-0.06,-0.29,63499.09,129082.718
20100617,2343,600522.SH,20.65,21.05,20.29,20.33,20.29,0.04,0.2,63372.41,130124.698
20100618,2342,600522.SH,20.25,20.68,19.35,19.57,20.33,-0.76,-3.74,66746.69,134034.08
20100621,2341,600522.SH,19.5,20.3,18.9,20.29,19.57,0.72,3.68,53723.28,105745.204
20100622,2340,600522.SH,20.3,20.78,20.15,20.67,20.29,0.38,1.87,59425.63,122175.13
20100623,2339,600522.SH,20.54,20.68,19.9,20.19,20.67,-0.48,-2.32,47191.85,95658.935
20100624,2338,600522.SH,20.26,20.6,20.13,20.35,20.19,0.16,0.79,38237.5,77890.434
20100625,2337,600522.SH,20.2,20.55,20.02,20.2,20.35,-0.15,-0.74,37924.37,76933.321
20100629,2336,600522.SH,19.83,19.89,18.18,18.18,20.2,-2.02,-10.0,98743.0,184904.695
20100630,2335,600522.SH,17.9,18.15,17.23,17.31,18.18,-0.87,-4.79,66726.84,116449.867
20100701,2334,600522.SH,17.3,17.6,17.21,17.35,17.31,0.04,0.23,65320.05,113986.217
20100702,2333,600522.SH,17.35,17.43,16.01,16.87,17.35,-0.48,-2.77,65849.38,109292.175
20100705,2332,600522.SH,16.41,16.76,16.2,16.42,16.87,-0.45,-2.67,37779.93,62156.217
20100706,2331,600522.SH,16.48,16.95,16.48,16.9,16.42,0.48,2.92,52688.38,88511.06
20100707,2330,600522.SH,16.96,17.82,16.8,17.52,16.9,0.62,3.67,86197.99,150737.457
20100708,2329,600522.SH,17.65,17.73,17.34,17.53,17.52,0.01,0.06,51513.69,90371.266
20100709,2328,600522.SH,17.55,18.3,17.35,18.23,17.53,0.7,3.99,94685.39,170136.693
20100712,2327,600522.SH,18.21,18.84,18.21,18.79,18.23,0.56,3.07,106378.47,198604.362
20100713,2326,600522.SH,18.6,19.0,18.32,18.87,18.79,0.08,0.43,68156.2,127266.436
20100714,2325,600522.SH,18.87,19.38,18.52,18.68,18.87,-0.19,-1.01,68850.82,130701.52
20100715,2324,600522.SH,18.58,18.85,17.9,17.95,18.68,-0.73,-3.91,49941.99,92270.576
20100719,2323,600522.SH,17.93,19.06,17.8,19.05,17.95,1.1,6.13,65671.9,122500.041
20100720,2322,600522.SH,19.16,19.64,19.0,19.54,19.05,0.49,2.57,80820.8,156507.97
20100721,2321,600522.SH,19.6,19.78,19.16,19.21,19.54,-0.33,-1.69,84298.43,163479.123
20100722,2320,600522.SH,19.18,19.57,19.08,19.56,19.21,0.35,1.82,58907.46,114212.833
20100723,2319,600522.SH,19.65,20.55,19.65,20.24,19.56,0.68,3.48,131203.02,263738.98
20100726,2318,600522.SH,20.23,20.29,19.95,20.26,20.24,0.02,0.1,58350.44,117270.086
20100727,2317,600522.SH,20.25,20.25,19.9,19.98,20.26,-0.28,-1.38,39284.0,78681.469
20100728,2316,600522.SH,20.1,21.18,20.08,21.14,19.98,1.16,5.81,114778.58,239104.615
20100729,2315,600522.SH,21.2,21.5,20.78,20.94,21.14,-0.2,-0.95,129725.96,273569.62
20100730,2314,600522.SH,20.65,21.07,20.38,21.0,20.94,0.06,0.29,112358.64,232695.963
20100802,2313,600522.SH,21.0,21.46,20.7,21.26,21.0,0.26,1.24,120609.75,255330.565
20100803,2312,600522.SH,21.46,21.64,20.58,20.63,21.26,-0.63,-2.96,107809.74,228081.057
20100804,2311,600522.SH,20.79,20.86,19.89,20.59,20.63,-0.04,-0.19,105799.53,215027.392
20100805,2310,600522.SH,20.49,20.58,20.13,20.4,20.59,-0.19,-0.92,88157.05,179651.069
20100806,2309,600522.SH,20.25,21.04,20.06,21.0,20.4,0.6,2.94,89969.84,185739.051
20100809,2308,600522.SH,20.88,21.15,20.63,20.94,21.0,-0.06,-0.29,80410.21,168074.06
20100810,2307,600522.SH,20.88,20.93,19.86,19.87,20.94,-1.07,-5.11,111387.36,226557.735
20100811,2306,600522.SH,19.7,20.22,19.69,19.95,19.87,0.08,0.4,55877.72,111243.149
20100812,2305,600522.SH,19.7,19.96,19.52,19.53,19.95,-0.42,-2.11,49242.93,97107.508
20100813,2304,600522.SH,19.59,20.17,19.53,20.09,19.53,0.56,2.87,55928.12,111309.141
20100817,2303,600522.SH,20.68,21.0,20.53,20.81,20.09,0.72,3.58,121097.9,250974.722
20100818,2302,600522.SH,20.8,21.58,20.62,21.36,20.81,0.55,2.64,141638.7,299344.05
20100819,2301,600522.SH,21.39,22.2,21.02,22.09,21.36,0.73,3.42,177545.98,386161.375
20100820,2300,600522.SH,21.9,21.94,21.16,21.18,22.09,-0.91,-4.12,87946.22,188989.552
20100823,2299,600522.SH,21.18,21.3,20.65,20.87,21.18,-0.31,-1.46,91756.54,191929.918
20100824,2298,600522.SH,20.78,21.8,20.7,21.79,20.87,0.92,4.41,112100.06,240409.239
20100825,2297,600522.SH,21.58,21.58,20.91,20.95,21.79,-0.84,-3.86,66955.97,142279.089
20100826,2296,600522.SH,20.99,21.36,20.7,21.33,20.95,0.38,1.81,58399.61,122779.031
20100827,2295,600522.SH,21.16,21.71,20.96,21.68,21.33,0.35,1.64,87724.0,187239.17
20100830,2294,600522.SH,21.75,22.58,21.74,22.45,21.68,0.77,3.55,129296.67,287749.503
20100831,2293,600522.SH,22.25,23.09,22.22,23.0,22.45,0.55,2.45,194028.1,442043.138
20100901,2292,600522.SH,23.1,23.77,22.35,23.06,23.0,0.06,0.26,196737.37,457231.312
20100902,2291,600522.SH,23.3,24.18,23.06,23.94,23.06,0.88,3.82,143660.77,339407.151
20100903,2290,600522.SH,24.02,24.29,23.48,24.18,23.94,0.24,1.0,120958.03,288695.48
20100906,2289,600522.SH,24.17,24.52,23.82,23.88,24.18,-0.3,-1.24,135523.25,327486.66
20100907,2288,600522.SH,23.86,23.98,23.03,23.78,23.88,-0.1,-0.42,83029.46,194554.297
20100908,2287,600522.SH,23.5,23.75,23.29,23.69,23.78,-0.09,-0.38,45664.98,107692.003
20100909,2286,600522.SH,23.84,24.19,23.0,23.19,23.69,-0.5,-2.11,73755.9,173746.952
20100910,2285,600522.SH,23.31,23.67,22.71,23.6,23.19,0.41,1.77,71437.94,165113.593
20100913,2284,600522.SH,23.67,24.39,23.4,24.29,23.6,0.69,2.92,78611.07,188686.244
20100914,2283,600522.SH,24.4,24.96,24.0,24.78,24.29,0.49,2.02,111732.96,274941.425
20100915,2282,600522.SH,24.78,25.14,24.25,24.54,24.78,-0.24,-0.97,112949.57,279642.25
20100916,2281,600522.SH,24.28,24.57,23.5,23.78,24.54,-0.76,-3.1,64603.48,154544.725
20100917,2280,600522.SH,23.74,24.39,23.52,24.18,23.78,0.4,1.68,67851.54,163381.063
20100920,2279,600522.SH,24.52,24.74,23.81,24.21,24.18,0.03,0.12,61714.0,149768.475
20100921,2278,600522.SH,24.3,24.35,23.72,23.85,24.21,-0.36,-1.49,31159.3,74528.909
20100927,2277,600522.SH,24.01,25.48,24.01,25.29,23.85,1.44,6.04,86795.65,216564.743
20100928,2276,600522.SH,25.33,25.38,24.8,24.9,25.29,-0.39,-1.54,57709.75,144408.351
20100929,2275,600522.SH,24.8,24.95,23.73,23.76,24.9,-1.14,-4.58,89476.65,216583.153
20100930,2274,600522.SH,23.71,24.18,23.7,23.95,23.76,0.19,0.8,35319.41,84760.35
20101008,2273,600522.SH,24.3,24.55,23.88,24.41,23.95,0.46,1.92,121556.73,294131.536
20101011,2272,600522.SH,24.45,24.96,23.98,24.11,24.41,-0.3,-1.23,97806.67,238873.488
20101012,2271,600522.SH,24.11,24.11,22.8,22.97,24.11,-1.14,-4.73,179432.76,420091.097
20101013,2270,600522.SH,23.01,23.42,22.35,23.34,22.97,0.37,1.61,109844.96,251615.355
20101014,2269,600522.SH,23.33,23.33,22.1,22.29,23.34,-1.05,-4.5,114144.3,257642.617
20101015,2268,600522.SH,22.3,22.69,21.68,21.99,22.29,-0.3,-1.35,116667.01,257710.735
20101018,2267,600522.SH,21.87,22.48,21.43,22.41,21.99,0.42,1.91,112834.55,247389.059
20101019,2266,600522.SH,22.3,23.23,22.2,23.11,22.41,0.7,3.12,139160.76,316512.32
20101020,2265,600522.SH,22.56,23.58,22.56,23.03,23.11,-0.08,-0.35,105022.26,242054.411
20101021,2264,600522.SH,23.1,23.36,22.8,23.19,23.03,0.16,0.69,73452.36,169568.691
20101022,2263,600522.SH,24.0,25.46,23.71,25.04,23.19,1.85,7.98,226839.85,552462.769
20101025,2262,600522.SH,25.35,26.49,25.35,25.85,25.04,0.81,3.23,241098.98,625716.376
20101026,2261,600522.SH,25.94,26.3,25.36,26.24,25.85,0.39,1.51,234361.87,607382.042
20101027,2260,600522.SH,26.26,27.49,26.05,26.64,26.24,0.4,1.52,243532.73,652019.01
20101028,2259,600522.SH,26.35,27.09,26.11,26.79,26.64,0.15,0.56,132047.3,352370.99
20101029,2258,600522.SH,26.64,27.86,26.5,27.6,26.79,0.81,3.02,151624.8,414046.388
20101101,2257,600522.SH,27.68,27.95,27.08,27.37,27.6,-0.23,-0.83,211273.47,579363.719
20101102,2256,600522.SH,27.38,27.84,26.32,26.39,27.37,-0.98,-3.58,167609.99,454179.368
20101103,2255,600522.SH,26.44,26.91,25.82,25.83,26.39,-0.56,-2.12,114730.71,302949.599
20101104,2254,600522.SH,25.76,27.14,25.76,26.96,25.83,1.13,4.37,145254.84,384860.825
20101105,2253,600522.SH,27.22,28.53,26.93,28.12,26.96,1.16,4.3,189473.96,527766.482
20101108,2252,600522.SH,28.01,28.98,27.61,27.86,28.12,-0.26,-0.92,145407.88,409345.774
20101109,2251,600522.SH,27.86,28.19,27.6,28.0,27.86,0.14,0.5,84435.71,235934.789
20101110,2250,600522.SH,27.95,28.83,27.81,28.21,28.0,0.21,0.75,89520.24,254420.327
20101111,2249,600522.SH,28.0,28.48,27.5,27.55,28.21,-0.66,-2.34,102488.83,288718.348
20101112,2248,600522.SH,27.27,27.5,24.91,25.11,27.55,-2.44,-8.86,138726.85,363926.452
20101115,2247,600522.SH,25.25,25.82,24.26,25.74,25.11,0.63,2.51,125260.62,313812.536
20101116,2246,600522.SH,25.6,26.83,25.27,25.59,25.74,-0.15,-0.58,132328.22,342720.294
20101117,2245,600522.SH,25.37,25.89,24.5,24.78,25.59,-0.81,-3.17,67533.54,170650.967
20101118,2244,600522.SH,25.18,25.38,24.32,25.01,24.78,0.23,0.93,50004.79,124552.59
20101119,2243,600522.SH,25.71,27.51,25.58,27.51,25.01,2.5,10.0,197598.78,525910.4
20101122,2242,600522.SH,27.7,30.2,27.7,28.92,27.51,1.41,5.13,326204.52,948209.197
20101123,2241,600522.SH,28.7,29.49,27.77,29.26,28.92,0.34,1.18,197042.69,567217.541
20101124,2240,600522.SH,29.18,30.18,28.71,30.04,29.26,0.78,2.67,188380.05,554847.21
20101125,2239,600522.SH,30.2,30.27,29.2,29.31,30.04,-0.73,-2.43,111392.28,330980.051
20101126,2238,600522.SH,29.31,29.74,28.88,28.94,29.31,-0.37,-1.26,77301.45,225536.752
20101129,2237,600522.SH,29.1,30.1,28.68,29.73,28.94,0.79,2.73,133753.63,393080.11
20101130,2236,600522.SH,29.54,29.89,27.31,28.46,29.73,-1.27,-4.27,140180.81,398277.104
20101201,2235,600522.SH,28.07,30.26,27.77,29.77,28.46,1.31,4.6,172551.39,506158.068
20101202,2234,600522.SH,30.01,32.05,30.01,30.91,29.77,1.14,3.83,250259.08,773780.754
20101203,2233,600522.SH,30.98,30.98,29.85,30.15,30.91,-0.76,-2.46,85455.09,258952.272
20101206,2232,600522.SH,30.12,30.86,28.91,29.23,30.15,-0.92,-3.05,98644.55,292743.236
20101207,2231,600522.SH,28.92,30.23,28.5,30.09,29.23,0.86,2.94,70985.06,209460.384
20101208,2230,600522.SH,30.0,30.05,29.33,29.35,30.09,-0.74,-2.46,55647.99,165329.039
20101209,2229,600522.SH,29.0,29.14,28.35,28.41,29.35,-0.94,-3.2,61757.34,176826.299
20101210,2228,600522.SH,28.13,29.31,28.01,29.28,28.41,0.87,3.06,63763.65,184425.177
20101213,2227,600522.SH,29.54,30.67,29.35,30.27,29.28,0.99,3.38,92982.66,280847.776
20101214,2226,600522.SH,30.45,31.14,30.21,30.59,30.27,0.32,1.06,81151.91,248834.592
20101216,2225,600522.SH,30.25,30.95,29.96,30.41,30.59,-0.18,-0.59,60119.23,182956.287
20101217,2224,600522.SH,30.5,31.58,30.25,31.4,30.41,0.99,3.26,115851.87,360094.945
20101220,2223,600522.SH,31.56,32.88,31.0,32.17,31.4,0.77,2.45,173262.88,555019.677
20101221,2222,600522.SH,32.09,32.67,31.42,32.31,32.17,0.14,0.44,86079.84,275983.15
20101222,2221,600522.SH,32.5,32.63,30.91,30.94,32.31,-1.37,-4.24,87922.58,277218.694
20101223,2220,600522.SH,30.84,31.2,29.98,30.28,30.94,-0.66,-2.13,70242.53,214045.803
20101224,2219,600522.SH,29.9,30.36,29.2,30.0,30.28,-0.28,-0.92,61388.55,182495.11
20101227,2218,600522.SH,30.16,30.99,28.58,28.92,30.0,-1.08,-3.6,81720.73,244472.732
20101228,2217,600522.SH,28.7,29.3,28.13,28.79,28.92,-0.13,-0.45,49120.27,141128.498
20101229,2216,600522.SH,28.85,30.39,28.79,30.37,28.79,1.58,5.49,77080.7,229716.722
20101230,2215,600522.SH,30.2,30.63,30.0,30.6,30.37,0.23,0.76,56091.24,170291.728
20101231,2214,600522.SH,30.6,31.05,30.15,30.85,30.6,0.25,0.82,72030.35,220332.849
20110104,2213,600522.SH,30.98,30.98,30.21,30.55,30.85,-0.3,-0.97,89893.1,274191.741
20110105,2212,600522.SH,30.49,30.49,29.65,29.87,30.55,-0.68,-2.23,67375.4,201898.996
20110106,2211,600522.SH,29.91,30.19,29.63,29.72,29.87,-0.15,-0.5,54583.26,163417.282
20110107,2210,600522.SH,29.85,29.9,29.06,29.35,29.72,-0.37,-1.25,57461.03,169233.658
20110110,2209,600522.SH,29.5,29.83,28.82,28.87,29.35,-0.48,-1.64,38628.13,113405.592
20110111,2208,600522.SH,28.53,28.9,27.5,27.99,28.87,-0.88,-3.05,79741.01,225066.721
20110112,2207,600522.SH,27.94,28.55,27.59,28.06,27.99,0.07,0.25,44462.07,124687.102
20110113,2206,600522.SH,28.38,28.4,27.95,27.99,28.06,-0.07,-0.25,32832.37,92233.326
20110114,2205,600522.SH,27.95,27.97,26.36,26.51,27.99,-1.48,-5.29,97771.16,261568.659
20110117,2204,600522.SH,26.45,26.45,25.3,25.47,26.51,-1.04,-3.92,52023.82,133691.679
20110118,2203,600522.SH,25.35,25.9,25.35,25.68,25.47,0.21,0.82,40312.1,103684.586
20110119,2202,600522.SH,25.68,26.93,25.6,26.66,25.68,0.98,3.82,60238.21,158925.72
20110120,2201,600522.SH,26.6,26.8,25.4,25.6,26.66,-1.06,-3.98,57883.15,150931.665
20110121,2200,600522.SH,25.55,26.31,25.41,25.85,25.6,0.25,0.98,43132.48,111400.844
20110124,2199,600522.SH,25.85,26.29,24.47,24.49,25.85,-1.36,-5.26,62789.83,159347.612
20110125,2198,600522.SH,24.51,24.7,23.81,24.25,24.49,-0.24,-0.98,47853.32,115464.427
20110126,2197,600522.SH,24.37,24.88,24.3,24.86,24.25,0.61,2.52,38477.15,95083.401
20110127,2196,600522.SH,24.59,25.67,24.47,25.63,24.86,0.77,3.1,58259.07,147430.433
20110128,2195,600522.SH,25.65,26.69,25.55,26.4,25.63,0.77,3.0,70771.94,184936.679
20110131,2194,600522.SH,26.39,26.88,26.1,26.71,26.4,0.31,1.17,53459.24,141907.124
20110201,2193,600522.SH,26.71,26.71,26.05,26.25,26.71,-0.46,-1.72,29495.57,77592.131
20110209,2192,600522.SH,26.0,27.65,25.87,26.79,26.25,0.54,2.06,65622.81,176767.305
20110210,2191,600522.SH,26.69,27.43,26.67,27.29,26.79,0.5,1.87,55327.43,150403.816
20110211,2190,600522.SH,27.36,28.05,27.05,27.79,27.29,0.5,1.83,57416.87,159322.802
20110214,2189,600522.SH,27.98,28.68,27.78,28.3,27.79,0.51,1.84,69479.08,197088.371
20110215,2188,600522.SH,28.28,28.36,27.75,27.79,28.3,-0.51,-1.8,64894.58,181585.478
20110216,2187,600522.SH,27.82,28.97,27.82,28.79,27.79,1.0,3.6,85479.21,244384.162
20110217,2186,600522.SH,29.45,30.7,29.19,29.23,28.79,0.44,1.53,192917.32,573929.773
20110218,2185,600522.SH,29.22,29.22,28.39,28.56,29.23,-0.67,-2.29,83817.86,241155.252
20110221,2184,600522.SH,28.5,30.3,28.45,30.25,28.56,1.69,5.92,105794.11,313377.626
20110222,2183,600522.SH,30.13,30.13,28.91,29.04,30.25,-1.21,-4.0,87982.24,258611.778
20110223,2182,600522.SH,28.89,29.4,28.82,29.37,29.04,0.33,1.14,49622.52,144551.389
20110224,2181,600522.SH,29.2,29.27,28.72,29.01,29.37,-0.36,-1.23,54485.24,157874.005
20110225,2180,600522.SH,28.91,29.37,28.6,28.94,29.01,-0.07,-0.24,45569.19,132067.922
20110228,2179,600522.SH,29.05,29.88,28.83,29.59,28.94,0.65,2.25,81635.88,240852.031
20110301,2178,600522.SH,29.72,29.74,29.06,29.23,29.59,-0.36,-1.22,64891.49,190781.8
20110302,2177,600522.SH,29.25,29.55,28.56,29.07,29.23,-0.16,-0.55,58638.94,169858.459
20110303,2176,600522.SH,29.2,29.3,28.0,28.04,29.07,-1.03,-3.54,55207.8,158115.985
20110304,2175,600522.SH,28.04,28.58,27.9,28.44,28.04,0.4,1.43,43921.83,123864.084
20110307,2174,600522.SH,28.45,28.69,28.2,28.45,28.44,0.01,0.04,70741.37,201021.286
20110308,2173,600522.SH,28.45,28.75,28.01,28.37,28.45,-0.08,-0.28,59137.22,167398.353
20110309,2172,600522.SH,28.37,29.58,28.31,29.43,28.37,1.06,3.74,112508.08,326741.395
20110310,2171,600522.SH,29.48,29.93,29.15,29.18,29.43,-0.25,-0.85,95875.8,283440.581
20110311,2170,600522.SH,29.0,29.39,28.74,28.87,29.18,-0.31,-1.06,51351.16,149390.784
20110314,2169,600522.SH,28.9,30.1,28.9,30.09,28.87,1.22,4.23,93173.17,276973.691
20110315,2168,600522.SH,30.1,30.14,29.0,29.71,30.09,-0.38,-1.26,67601.3,199620.073
20110316,2167,600522.SH,29.82,30.18,29.54,30.17,29.71,0.46,1.55,78356.69,234450.632
20110317,2166,600522.SH,29.89,29.89,28.62,28.66,30.17,-1.51,-5.01,92100.23,269109.164
20110318,2165,600522.SH,28.75,29.24,27.4,27.66,28.66,-1.0,-3.49,128606.1,360344.491
20110321,2164,600522.SH,27.7,27.94,26.6,26.83,27.66,-0.83,-3.0,90172.52,244586.267
20110322,2163,600522.SH,26.9,27.66,26.43,27.54,26.83,0.71,2.65,81208.08,219165.926
20110323,2162,600522.SH,27.3,28.06,27.21,27.9,27.54,0.36,1.31,87714.16,243654.642
20110324,2161,600522.SH,28.1,28.28,27.65,27.74,27.9,-0.16,-0.57,37661.1,105136.631
20110325,2160,600522.SH,27.74,27.86,27.2,27.29,27.74,-0.45,-1.62,85113.63,233167.737
20110328,2159,600522.SH,27.32,27.4,26.58,26.7,27.29,-0.59,-2.16,65450.33,176498.503
20110329,2158,600522.SH,26.68,27.16,26.5,26.57,26.7,-0.13,-0.49,44100.46,118114.264
20110330,2157,600522.SH,26.61,27.38,26.61,26.78,26.57,0.21,0.79,47253.45,127463.115
20110331,2156,600522.SH,27.03,27.13,26.04,26.2,26.78,-0.58,-2.17,45033.57,119251.244
20110401,2155,600522.SH,26.06,26.38,25.68,26.34,26.2,0.14,0.53,42685.55,111129.534
20110406,2154,600522.SH,26.12,26.24,24.99,25.3,26.34,-1.04,-3.95,106038.85,268278.013
20110407,2153,600522.SH,25.31,25.58,25.05,25.51,25.3,0.21,0.83,46113.66,117095.104
20110411,2152,600522.SH,25.99,26.1,25.38,25.52,25.51,0.01,0.04,62673.09,161400.553
20110412,2151,600522.SH,25.56,26.22,25.56,25.96,25.52,0.44,1.72,53785.55,139438.106
20110413,2150,600522.SH,25.96,26.68,25.7,26.67,25.96,0.71,2.74,63334.31,166892.294
20110414,2149,600522.SH,26.71,26.78,26.3,26.4,26.67,-0.27,-1.01,41994.05,111402.833
20110415,2148,600522.SH,26.91,27.17,26.6,27.09,26.4,0.69,2.61,87962.73,237271.535
20110418,2147,600522.SH,27.0,27.07,26.48,26.72,27.09,-0.37,-1.37,48339.26,129392.255
20110419,2146,600522.SH,26.48,26.5,25.55,25.64,26.72,-1.08,-4.04,59805.24,154696.637
20110420,2145,600522.SH,25.71,25.96,25.62,25.87,25.64,0.23,0.9,31508.07,81287.81
20110421,2144,600522.SH,25.3,25.3,23.32,23.76,25.87,-2.11,-8.16,203658.67,489604.08
20110422,2143,600522.SH,23.7,23.75,23.34,23.56,23.76,-0.2,-0.84,50805.13,119682.308
20110425,2142,600522.SH,23.58,23.85,22.86,23.81,23.56,0.25,1.06,82442.27,192989.223
20110426,2141,600522.SH,23.64,23.77,22.91,22.99,23.71,-0.72,-3.04,46277.88,108039.682
20110427,2140,600522.SH,23.42,24.3,23.31,23.57,22.99,0.58,2.52,72491.29,172170.647
20110428,2139,600522.SH,23.7,23.8,23.09,23.32,23.57,-0.25,-1.06,32059.43,75100.078
20110429,2138,600522.SH,23.32,23.52,23.12,23.51,23.32,0.19,0.81,30014.18,70101.071
20110503,2137,600522.SH,23.51,23.67,23.12,23.58,23.51,0.07,0.3,28234.02,66051.697
20110504,2136,600522.SH,23.57,23.57,22.61,22.87,23.58,-0.71,-3.01,36810.03,84647.018
20110505,2135,600522.SH,22.92,23.1,22.77,23.02,22.87,0.15,0.66,20818.66,47836.301
20110506,2134,600522.SH,22.78,23.29,22.68,23.28,23.02,0.26,1.13,27081.94,62291.251
20110509,2133,600522.SH,23.3,23.99,23.27,23.87,23.28,0.59,2.53,45317.57,107676.859
20110510,2132,600522.SH,24.01,24.4,23.9,24.16,23.87,0.29,1.21,81619.84,197047.322
20110511,2131,600522.SH,24.2,24.2,23.86,24.06,24.16,-0.1,-0.41,38007.65,91167.716
20110512,2130,600522.SH,23.91,23.99,23.54,23.77,24.06,-0.29,-1.21,30071.61,71409.571
20110513,2129,600522.SH,24.25,24.4,23.7,24.0,23.77,0.23,0.97,32884.03,78981.113
20110516,2128,600522.SH,23.86,24.07,23.64,23.84,24.0,-0.16,-0.67,26457.13,63076.351
20110517,2127,600522.SH,23.78,23.87,23.16,23.73,23.84,-0.11,-0.46,29551.34,69794.134
20110518,2126,600522.SH,23.6,23.94,23.53,23.93,23.73,0.2,0.84,23970.34,56835.394
20110519,2125,600522.SH,24.01,24.09,23.66,23.7,23.93,-0.23,-0.96,22295.85,53220.621
20110520,2124,600522.SH,23.6,23.71,23.3,23.41,23.7,-0.29,-1.22,19639.54,46129.082
20110523,2123,600522.SH,23.41,23.67,23.0,23.03,23.41,-0.38,-1.62,40815.69,95182.204
20110524,2122,600522.SH,23.03,23.08,22.78,23.04,23.03,0.01,0.04,35537.05,81527.871
20110525,2121,600522.SH,23.34,23.54,23.1,23.3,23.04,0.26,1.13,33372.64,77921.735
20110526,2120,600522.SH,23.56,23.99,23.33,23.34,23.3,0.04,0.17,32610.93,77198.351
20110527,2119,600522.SH,23.65,23.88,23.32,23.34,23.34,0.0,0.0,37460.25,88408.342
20110530,2118,600522.SH,23.33,23.34,22.03,22.42,23.34,-0.92,-3.94,34928.17,78698.813
20110531,2117,600522.SH,22.44,22.99,22.44,22.77,22.42,0.35,1.56,34654.51,78889.471
20110601,2116,600522.SH,22.87,23.57,22.68,23.54,22.77,0.77,3.38,34703.31,80431.777
20110602,2115,600522.SH,23.14,23.43,22.88,23.26,23.54,-0.28,-1.19,28020.63,64819.679
20110603,2114,600522.SH,23.2,23.86,23.18,23.67,23.26,0.41,1.76,38351.14,90549.884
20110607,2113,600522.SH,23.57,24.21,23.47,24.2,23.67,0.53,2.24,55253.0,132223.792
20110608,2112,600522.SH,24.49,24.6,23.79,24.1,24.2,-0.1,-0.41,52863.29,127797.099
20110609,2111,600522.SH,24.12,24.12,23.6,23.67,24.1,-0.43,-1.78,28895.68,68732.583
20110610,2110,600522.SH,23.43,24.28,23.01,24.06,23.67,0.39,1.65,45383.93,107183.777
20110613,2109,600522.SH,23.8,23.83,23.38,23.78,24.06,-0.28,-1.16,25426.71,60022.791
20110614,2108,600522.SH,23.78,24.06,23.6,23.9,23.78,0.12,0.5,43738.29,104705.373
20110615,2107,600522.SH,23.87,23.88,23.31,23.34,23.9,-0.56,-2.34,24918.05,58849.452
20110616,2106,600522.SH,23.08,23.16,22.78,22.78,23.34,-0.56,-2.4,22049.32,50582.467
20110617,2105,600522.SH,22.62,23.03,22.42,22.47,22.78,-0.31,-1.36,16183.2,36776.185
20110620,2104,600522.SH,22.4,22.65,22.17,22.22,22.47,-0.25,-1.11,11122.27,24828.433
20110621,2103,600522.SH,22.3,22.55,22.16,22.5,22.22,0.28,1.26,18738.11,41881.013
20110622,2102,600522.SH,22.49,22.63,22.26,22.4,22.5,-0.1,-0.44,16078.96,36048.597
20110623,2101,600522.SH,22.35,22.98,22.06,22.91,22.4,0.51,2.28,23863.81,54009.923
20110624,2100,600522.SH,22.79,23.46,22.6,23.43,22.91,0.52,2.27,40118.98,93071.23
20110627,2099,600522.SH,23.3,23.95,23.3,23.85,23.43,0.42,1.79,48038.53,114012.389
20110628,2098,600522.SH,23.65,23.94,23.35,23.78,23.85,-0.07,-0.29,24465.82,57672.812
20110629,2097,600522.SH,23.75,23.96,23.45,23.65,23.78,-0.13,-0.55,38242.22,90693.012
20110630,2096,600522.SH,23.61,23.83,23.51,23.64,23.65,-0.01,-0.04,33567.83,79417.566
20110701,2095,600522.SH,24.1,24.1,23.51,23.55,23.64,-0.09,-0.38,34299.33,81812.838
20110704,2094,600522.SH,23.62,24.26,23.43,24.24,23.55,0.69,2.93,80407.98,191927.819
20110705,2093,600522.SH,24.24,24.7,23.93,24.64,24.24,0.4,1.65,107615.13,262392.424
20110706,2092,600522.SH,24.5,25.11,24.33,24.99,24.64,0.35,1.42,92683.39,229474.607
20110707,2091,600522.SH,24.8,25.56,24.8,25.23,24.99,0.24,0.96,93746.83,236445.046
20110708,2090,600522.SH,25.04,25.55,24.93,25.52,25.23,0.29,1.15,87907.95,222673.253
20110711,2089,600522.SH,25.73,25.75,25.22,25.68,25.52,0.16,0.63,66954.87,170819.817
20110712,2088,600522.SH,25.3,25.59,24.9,25.11,25.68,-0.57,-2.22,50036.4,125733.231
20110713,2087,600522.SH,24.8,25.18,24.72,24.96,25.11,-0.15,-0.6,59975.55,149694.541
20110714,2086,600522.SH,24.79,24.96,24.1,24.29,24.96,-0.67,-2.68,180805.16,440131.811
20110721,2085,600522.SH,23.9,23.9,23.29,23.32,24.29,-0.97,-3.99,85409.96,200615.527
20110722,2084,600522.SH,23.36,23.59,23.23,23.45,23.32,0.13,0.56,35747.31,83511.053
20110725,2083,600522.SH,23.29,23.67,22.29,22.55,23.45,-0.9,-3.84,73447.19,168231.433
20110726,2082,600522.SH,22.5,22.73,22.36,22.64,22.55,0.09,0.4,36513.01,82254.24
20110727,2081,600522.SH,22.6,23.09,22.4,22.97,22.64,0.33,1.46,52074.22,118618.767
20110728,2080,600522.SH,22.85,23.23,22.66,23.13,22.97,0.16,0.7,41223.97,94753.2
20110729,2079,600522.SH,23.15,23.24,22.65,22.67,23.13,-0.46,-1.99,46142.07,105302.342
20110801,2078,600522.SH,22.66,22.94,22.18,22.78,22.67,0.11,0.49,49117.16,110915.827
20110802,2077,600522.SH,22.59,22.59,21.4,21.63,22.78,-1.15,-5.05,104925.89,228186.684
20110803,2076,600522.SH,21.47,21.64,21.18,21.25,21.63,-0.38,-1.76,92686.04,198084.444
20110804,2075,600522.SH,21.38,21.59,21.23,21.5,21.25,0.25,1.18,45076.19,96597.131
20110805,2074,600522.SH,20.68,21.45,20.58,21.36,21.5,-0.14,-0.65,47597.64,100443.219
20110808,2073,600522.SH,21.0,21.47,20.21,20.48,21.36,-0.88,-4.12,59802.59,124079.174
20110809,2072,600522.SH,19.87,20.91,19.71,20.56,20.48,0.08,0.39,48248.63,97660.94
20110810,2071,600522.SH,20.97,21.09,20.5,20.55,20.56,-0.01,-0.05,68720.96,143098.488
20110811,2070,600522.SH,20.1,21.4,20.08,21.31,20.55,0.76,3.7,89689.57,187692.705
20110812,2069,600522.SH,21.4,21.83,21.28,21.44,21.31,0.13,0.61,64498.7,138892.704
20110815,2068,600522.SH,21.5,21.99,21.19,21.77,21.44,0.33,1.54,80671.25,174527.134
20110816,2067,600522.SH,21.74,21.93,21.38,21.46,21.77,-0.31,-1.42,65890.11,142857.78
20110817,2066,600522.SH,21.45,21.54,21.18,21.22,21.46,-0.24,-1.12,41269.63,87848.876
20110819,2065,600522.SH,20.6,20.87,20.51,20.74,21.22,-0.48,-2.26,39246.56,81090.575
20110822,2064,600522.SH,20.73,20.92,20.56,20.77,20.74,0.03,0.14,39052.55,81074.992
20110823,2063,600522.SH,20.83,21.3,20.7,21.2,20.77,0.43,2.07,49947.41,104576.513
20110824,2062,600522.SH,21.34,21.39,20.93,20.99,21.2,-0.21,-0.99,41487.79,87903.689
20110825,2061,600522.SH,21.06,21.97,21.03,21.67,20.99,0.68,3.24,96220.76,206791.292
20110826,2060,600522.SH,21.48,21.78,21.37,21.54,21.67,-0.13,-0.6,63228.62,136269.225
20110829,2059,600522.SH,21.41,21.75,21.39,21.49,21.54,-0.05,-0.23,42405.91,91504.373
20110830,2058,600522.SH,21.59,21.72,21.11,21.13,21.49,-0.36,-1.68,43123.37,92641.291
20110831,2057,600522.SH,21.13,21.16,20.62,20.8,21.13,-0.33,-1.56,32714.01,68203.952
20110901,2056,600522.SH,20.8,20.98,20.54,20.65,20.8,-0.15,-0.72,39587.01,81897.717
20110902,2055,600522.SH,20.49,20.68,20.0,20.15,20.65,-0.5,-2.42,32591.9,65991.054
20110905,2054,600522.SH,19.9,19.95,19.57,19.6,20.15,-0.55,-2.73,24030.23,47506.224
20110906,2053,600522.SH,19.45,19.76,19.38,19.48,19.6,-0.12,-0.61,25194.73,49128.397
20110907,2052,600522.SH,19.74,20.4,19.51,20.19,19.48,0.71,3.64,48942.2,97304.785
20110908,2051,600522.SH,20.19,20.25,19.65,19.66,20.19,-0.53,-2.63,27767.69,55392.644
20110909,2050,600522.SH,19.59,19.95,19.59,19.68,19.66,0.02,0.1,17191.38,33880.855
20110913,2049,600522.SH,19.4,19.58,19.18,19.45,19.68,-0.23,-1.17,23332.3,45051.852
20110914,2048,600522.SH,19.54,19.87,19.38,19.83,19.45,0.38,1.95,42006.37,82871.92
20110915,2047,600522.SH,19.87,19.96,19.7,19.82,19.83,-0.01,-0.05,22491.54,44642.308
20110916,2046,600522.SH,19.89,20.35,19.82,19.85,19.82,0.03,0.15,22641.6,45155.239
20110919,2045,600522.SH,19.75,19.75,19.28,19.3,19.85,-0.55,-2.77,20152.43,39198.383
20110920,2044,600522.SH,19.02,19.55,19.01,19.41,19.3,0.11,0.57,17664.87,34139.417
20110921,2043,600522.SH,19.38,20.08,19.32,19.96,19.41,0.55,2.83,41965.07,83189.779
20110922,2042,600522.SH,19.79,19.89,19.08,19.09,19.96,-0.87,-4.36,32620.29,63552.116
20110923,2041,600522.SH,18.83,18.98,18.6,18.9,19.09,-0.19,-1.0,45603.11,85546.251
20110926,2040,600522.SH,18.82,18.98,18.4,18.54,18.9,-0.36,-1.9,19031.44,35559.21
20110927,2039,600522.SH,18.68,18.85,18.52,18.7,18.54,0.16,0.86,19840.55,37077.727
20110928,2038,600522.SH,18.84,18.88,18.3,18.31,18.7,-0.39,-2.09,19845.17,36855.171
20110929,2037,600522.SH,18.33,18.33,17.89,17.91,18.31,-0.4,-2.18,24304.75,43836.133
20110930,2036,600522.SH,17.93,18.17,17.6,17.83,17.91,-0.08,-0.45,30332.35,54142.594
20111010,2035,600522.SH,17.9,18.17,17.79,17.86,17.83,0.03,0.17,17974.12,32265.044
20111011,2034,600522.SH,18.4,18.47,17.11,17.87,17.86,0.01,0.06,32980.37,59718.253
20111012,2033,600522.SH,17.61,18.42,17.53,18.38,17.87,0.51,2.85,29974.74,54561.594
20111013,2032,600522.SH,18.38,18.75,18.21,18.59,18.38,0.21,1.14,51005.02,94469.244
20111014,2031,600522.SH,18.5,18.65,18.17,18.27,18.59,-0.32,-1.72,27876.34,51080.857
20111017,2030,600522.SH,18.28,18.51,18.25,18.46,18.27,0.19,1.04,31394.99,57750.848
20111018,2029,600522.SH,18.3,18.46,17.69,17.7,18.46,-0.76,-4.12,29900.1,54047.596
20111019,2028,600522.SH,17.78,17.93,17.56,17.62,17.7,-0.08,-0.45,19500.66,34527.189
20111020,2027,600522.SH,17.49,17.59,16.68,16.76,17.62,-0.86,-4.88,50382.81,85554.047
20111021,2026,600522.SH,16.74,16.93,16.52,16.63,16.76,-0.13,-0.78,17716.11,29513.267
20111024,2025,600522.SH,16.78,17.11,16.45,17.01,16.63,0.38,2.29,25087.31,42408.604
20111025,2024,600522.SH,17.12,17.53,17.0,17.48,17.01,0.47,2.76,34020.2,58920.901
20111026,2023,600522.SH,17.34,17.88,17.1,17.61,17.48,0.13,0.74,90104.23,158016.903
20111027,2022,600522.SH,17.64,17.8,17.47,17.54,17.61,-0.07,-0.4,49033.14,86474.891
20111028,2021,600522.SH,17.79,17.88,17.57,17.86,17.54,0.32,1.82,55020.38,97518.61
20111031,2020,600522.SH,17.8,18.14,17.75,17.95,17.86,0.09,0.5,37812.02,67926.198
20111101,2019,600522.SH,17.78,18.2,17.72,17.91,17.95,-0.04,-0.22,43385.5,77783.847
20111102,2018,600522.SH,17.59,18.78,17.45,18.65,17.91,0.74,4.13,104926.24,191153.72
20111103,2017,600522.SH,18.8,19.26,18.66,18.87,18.65,0.22,1.18,114929.21,218399.993
20111104,2016,600522.SH,19.0,19.19,18.8,18.91,18.87,0.04,0.21,66365.72,125994.937
20111107,2015,600522.SH,18.97,19.12,18.75,18.81,18.91,-0.1,-0.53,40539.05,76643.943
20111108,2014,600522.SH,18.82,18.88,18.27,18.28,18.81,-0.53,-2.82,52873.03,97933.253
20111109,2013,600522.SH,18.39,18.75,18.11,18.72,18.28,0.44,2.41,36646.31,67575.123
20111110,2012,600522.SH,18.48,18.62,18.23,18.25,18.72,-0.47,-2.51,41856.78,77195.554
20111111,2011,600522.SH,18.31,18.44,18.09,18.19,18.25,-0.06,-0.33,32552.01,59465.49
20111114,2010,600522.SH,18.39,18.84,18.37,18.77,18.19,0.58,3.19,50972.7,95162.249
20111115,2009,600522.SH,18.75,18.88,18.58,18.84,18.77,0.07,0.37,47329.58,88755.263
20111116,2008,600522.SH,18.9,18.97,18.23,18.35,18.84,-0.49,-2.6,53154.52,98591.45
20111117,2007,600522.SH,18.36,18.6,18.22,18.35,18.35,0.0,0.0,33608.33,61791.176
20111118,2006,600522.SH,18.35,18.35,17.52,17.85,18.35,-0.5,-2.72,40675.27,72704.111
20111121,2005,600522.SH,17.8,17.94,17.61,17.83,17.85,-0.02,-0.11,15526.4,27611.162
20111122,2004,600522.SH,17.7,17.9,17.52,17.88,17.83,0.05,0.28,18828.27,33343.393
20111123,2003,600522.SH,17.87,18.17,17.72,17.84,17.88,-0.04,-0.22,27569.2,49267.152
20111124,2002,600522.SH,17.71,17.8,17.4,17.68,17.84,-0.16,-0.9,25181.9,44309.429
20111125,2001,600522.SH,17.65,17.8,17.46,17.66,17.68,-0.02,-0.11,18163.3,32037.045
20111128,2000,600522.SH,17.65,17.79,17.32,17.5,17.66,-0.16,-0.91,22578.46,39600.865
20111129,1999,600522.SH,17.7,17.76,17.52,17.75,17.5,0.25,1.43,27946.51,49378.379
20111130,1998,600522.SH,17.76,17.78,16.7,16.79,17.75,-0.96,-5.41,43592.14,74790.258
20111201,1997,600522.SH,17.28,17.45,16.99,17.08,16.79,0.29,1.73,62705.47,107988.055
20111202,1996,600522.SH,16.91,17.04,16.54,16.63,17.08,-0.45,-2.63,33112.99,55335.175
20111205,1995,600522.SH,16.64,16.7,16.13,16.31,16.63,-0.32,-1.92,28764.39,46849.937
20111206,1994,600522.SH,16.31,16.5,16.2,16.45,16.31,0.14,0.86,19921.82,32600.178
20111207,1993,600522.SH,16.44,16.53,16.28,16.45,16.45,0.0,0.0,13763.68,22622.575
20111209,1992,600522.SH,16.21,16.46,16.14,16.17,16.45,-0.28,-1.7,15637.67,25411.92
20111212,1991,600522.SH,16.21,16.28,16.08,16.15,16.17,-0.02,-0.12,14095.24,22822.21
20111213,1990,600522.SH,16.09,16.15,15.72,15.81,16.15,-0.34,-2.11,22972.33,36404.16
20111214,1989,600522.SH,15.88,16.04,15.6,15.65,15.81,-0.16,-1.01,14742.48,23387.169
20111215,1988,600522.SH,15.59,15.88,15.32,15.37,15.65,-0.28,-1.79,18946.54,29495.096
20111216,1987,600522.SH,15.42,15.95,15.42,15.86,15.37,0.49,3.19,18874.49,29526.407
20111219,1986,600522.SH,15.7,16.33,15.66,16.24,15.86,0.38,2.4,52441.33,84196.157
20111220,1985,600522.SH,16.15,16.51,16.0,16.07,16.24,-0.17,-1.05,32944.74,53519.117
20111221,1984,600522.SH,16.35,16.39,15.67,15.7,16.07,-0.37,-2.3,35699.08,57538.91
20111222,1983,600522.SH,15.63,15.78,15.05,15.36,15.7,-0.34,-2.17,49038.08,75174.09
20111223,1982,600522.SH,15.3,15.65,15.29,15.49,15.36,0.13,0.85,26858.5,41583.327
20111226,1981,600522.SH,15.57,15.95,15.5,15.65,15.49,0.16,1.03,34292.58,54049.741
20111227,1980,600522.SH,15.7,15.7,15.29,15.33,15.65,-0.32,-2.04,26307.59,40703.613
20111228,1979,600522.SH,15.5,15.5,14.93,15.38,15.33,0.05,0.33,34564.79,52722.189
20111229,1978,600522.SH,15.32,15.77,15.15,15.67,15.38,0.29,1.89,51507.7,80275.96
20111230,1977,600522.SH,15.8,16.06,15.66,15.98,15.67,0.31,1.98,63367.4,100681.36
20120104,1976,600522.SH,16.16,16.3,15.71,15.73,15.98,-0.25,-1.56,55480.18,89124.773
20120105,1975,600522.SH,15.69,15.69,14.9,14.94,15.73,-0.79,-5.02,36297.3,55726.496
20120106,1974,600522.SH,15.0,15.37,14.8,15.31,14.94,0.37,2.48,30736.37,46325.756
20120109,1973,600522.SH,15.25,16.13,15.2,16.1,15.31,0.79,5.16,63789.5,101227.207
20120110,1972,600522.SH,16.09,16.58,15.98,16.52,16.1,0.42,2.61,85809.07,140094.408
20120111,1971,600522.SH,16.49,16.8,16.4,16.49,16.52,-0.03,-0.18,80795.88,134129.324
20120112,1970,600522.SH,16.43,16.65,16.33,16.5,16.49,0.01,0.06,49961.16,82517.211
20120113,1969,600522.SH,16.5,16.59,15.78,15.85,16.5,-0.65,-3.94,63705.83,102328.316
20120116,1968,600522.SH,15.78,16.0,15.63,15.7,15.85,-0.15,-0.95,29975.3,47502.464
20120117,1967,600522.SH,15.73,16.75,15.73,16.7,15.7,1.0,6.37,64274.79,104813.967
20120118,1966,600522.SH,16.71,16.93,16.35,16.61,16.7,-0.09,-0.54,66615.83,111224.239
20120119,1965,600522.SH,16.6,16.82,16.36,16.71,16.61,0.1,0.6,46905.22,77912.947
20120120,1964,600522.SH,16.71,17.08,16.7,17.06,16.71,0.35,2.09,56545.44,95701.085
20120130,1963,600522.SH,17.07,17.09,16.84,16.91,17.06,-0.15,-0.88,42848.41,72669.583
20120131,1962,600522.SH,16.85,16.98,16.66,16.96,16.91,0.05,0.3,29273.23,49276.722
20120201,1961,600522.SH,16.93,17.09,16.66,16.7,16.96,-0.26,-1.53,40462.09,68320.318
20120202,1960,600522.SH,16.72,17.32,16.66,17.28,16.7,0.58,3.47,62321.45,105957.383
20120203,1959,600522.SH,17.32,17.93,17.32,17.76,17.28,0.48,2.78,116269.73,205687.925
20120206,1958,600522.SH,17.82,18.12,17.62,17.91,17.76,0.15,0.84,95486.44,170674.016
20120207,1957,600522.SH,17.77,17.95,17.42,17.77,17.91,-0.14,-0.78,66813.8,118456.254
20120208,1956,600522.SH,17.81,18.38,17.72,18.33,17.77,0.56,3.15,98551.59,178709.841
20120209,1955,600522.SH,18.27,18.45,18.17,18.25,18.33,-0.08,-0.44,71416.77,130766.419
20120210,1954,600522.SH,18.28,18.59,18.16,18.25,18.25,0.0,0.0,58966.05,108345.769
20120213,1953,600522.SH,18.14,18.53,18.0,18.43,18.25,0.18,0.99,68475.14,125508.361
20120214,1952,600522.SH,18.45,19.06,18.36,18.68,18.43,0.25,1.36,79764.32,149489.261
20120215,1951,600522.SH,18.67,19.12,18.6,19.03,18.68,0.35,1.87,76540.67,145211.121
20120216,1950,600522.SH,19.06,19.23,18.65,18.92,19.03,-0.11,-0.58,73505.91,138782.673
20120217,1949,600522.SH,18.98,19.42,18.87,19.02,18.92,0.1,0.53,79427.65,151593.43
20120220,1948,600522.SH,19.34,20.19,19.19,19.6,19.02,0.58,3.05,165990.09,326727.83
20120221,1947,600522.SH,19.56,19.84,18.9,19.47,19.6,-0.13,-0.66,145333.51,280678.679
20120222,1946,600522.SH,19.39,20.44,19.19,20.39,19.47,0.92,4.73,198976.39,393881.125
20120223,1945,600522.SH,19.61,19.87,19.42,19.49,20.39,-0.9,-4.41,305114.94,599323.858
20120224,1944,600522.SH,19.47,19.52,19.02,19.28,19.49,-0.21,-1.08,175190.76,336680.444
20120227,1943,600522.SH,19.3,19.52,19.1,19.12,19.28,-0.16,-0.83,131456.72,254253.75
20120228,1942,600522.SH,19.05,19.25,18.82,19.14,19.12,0.02,0.1,87923.66,167621.14
20120229,1941,600522.SH,19.09,19.23,18.99,19.05,19.14,-0.09,-0.47,55312.43,105585.849
20120301,1940,600522.SH,18.95,19.38,18.9,19.25,19.05,0.2,1.05,59663.62,114652.277
20120302,1939,600522.SH,19.5,19.69,19.4,19.54,19.25,0.29,1.51,109301.72,213847.364
20120305,1938,600522.SH,19.61,19.64,19.2,19.23,19.54,-0.31,-1.59,94917.38,183950.386
20120306,1937,600522.SH,19.18,19.24,18.71,18.83,19.23,-0.4,-2.08,78360.17,148076.699
20120307,1936,600522.SH,18.59,19.18,18.53,18.86,18.83,0.03,0.16,69692.53,132038.416
20120308,1935,600522.SH,19.16,19.54,19.16,19.53,18.86,0.67,3.55,137773.43,267357.848
20120309,1934,600522.SH,19.68,19.91,19.55,19.78,19.53,0.25,1.28,123986.35,244535.84
20120312,1933,600522.SH,19.94,20.2,19.78,20.09,19.78,0.31,1.57,111547.58,223144.112
20120313,1932,600522.SH,20.14,20.21,19.86,20.16,20.09,0.07,0.35,89023.57,178674.626
20120314,1931,600522.SH,20.21,20.29,19.03,19.13,20.16,-1.03,-5.11,106887.63,210922.804
20120315,1930,600522.SH,19.06,19.37,18.87,19.12,19.13,-0.01,-0.05,65512.56,125585.748
20120319,1929,600522.SH,19.48,19.57,19.15,19.47,19.12,0.35,1.83,66601.89,129198.131
20120320,1928,600522.SH,19.38,19.4,18.7,18.82,19.47,-0.65,-3.34,52589.52,100416.608
20120321,1927,600522.SH,18.95,19.06,18.55,18.69,18.82,-0.13,-0.69,45969.49,86121.074
20120322,1926,600522.SH,18.81,19.16,18.7,19.02,18.69,0.33,1.77,44960.5,85398.927
20120323,1925,600522.SH,19.0,19.0,18.54,18.68,19.02,-0.34,-1.79,47895.71,89520.533
20120326,1924,600522.SH,18.8,18.97,18.65,18.74,18.68,0.06,0.32,40513.43,76313.559
20120327,1923,600522.SH,18.95,19.06,18.75,18.86,18.74,0.12,0.64,31344.67,59301.84
20120328,1922,600522.SH,18.79,18.83,18.06,18.1,18.86,-0.76,-4.03,50698.2,93454.794
20120329,1921,600522.SH,18.03,18.13,17.58,17.84,18.1,-0.26,-1.44,37443.58,66865.076
20120330,1920,600522.SH,17.89,18.12,17.51,17.58,17.84,-0.26,-1.46,24999.27,44307.158
20120405,1919,600522.SH,17.74,18.47,17.62,18.45,17.58,0.87,4.95,42723.77,77690.203
20120406,1918,600522.SH,18.48,18.99,18.3,18.68,18.45,0.23,1.25,38374.22,71851.795
20120409,1917,600522.SH,18.53,18.78,18.31,18.34,18.68,-0.34,-1.82,26788.55,49695.482
20120410,1916,600522.SH,18.22,18.6,17.88,18.59,18.34,0.25,1.36,29327.62,53435.529
20120411,1915,600522.SH,18.34,18.69,18.11,18.56,18.59,-0.03,-0.16,20146.59,37279.395
20120412,1914,600522.SH,18.57,18.96,18.52,18.95,18.56,0.39,2.1,41058.65,77149.683
20120413,1913,600522.SH,18.94,19.05,18.72,18.89,18.95,-0.06,-0.32,32404.14,61168.477
20120416,1912,600522.SH,18.77,18.79,18.56,18.68,18.89,-0.21,-1.11,22857.82,42695.156
20120417,1911,600522.SH,18.68,18.74,18.27,18.28,18.68,-0.4,-2.14,31385.5,57957.874
20120418,1910,600522.SH,18.35,18.8,18.28,18.78,18.28,0.5,2.74,34407.98,64050.869
20120419,1909,600522.SH,18.77,18.85,18.65,18.79,18.78,0.01,0.05,21016.19,39400.565
20120420,1908,600522.SH,18.77,19.22,18.64,19.18,18.79,0.39,2.08,45776.64,86837.688
20120423,1907,600522.SH,19.13,19.13,18.79,18.85,19.18,-0.33,-1.72,43995.04,83179.54
20120424,1906,600522.SH,18.7,18.95,18.25,18.55,18.85,-0.3,-1.59,33405.78,61945.033
20120425,1905,600522.SH,18.66,18.87,18.44,18.79,18.55,0.24,1.29,25998.74,48509.886
20120426,1904,600522.SH,18.83,18.94,18.59,18.69,18.79,-0.1,-0.53,23542.73,44109.606
20120427,1903,600522.SH,18.67,18.69,18.43,18.5,18.69,-0.19,-1.02,19389.65,35944.89
20120502,1902,600522.SH,18.75,19.28,18.67,19.19,18.5,0.69,3.73,54700.85,104202.812
20120503,1901,600522.SH,19.18,19.29,19.06,19.26,19.19,0.07,0.36,30705.68,58960.55
20120504,1900,600522.SH,19.38,19.54,19.21,19.52,19.26,0.26,1.35,52594.69,102069.712
20120507,1899,600522.SH,19.76,20.26,19.76,19.9,19.52,0.38,1.95,111311.83,222105.627
20120508,1898,600522.SH,19.9,20.15,19.8,19.92,19.9,0.02,0.1,61907.09,123362.957
20120509,1897,600522.SH,19.7,19.78,19.2,19.21,19.92,-0.71,-3.56,65021.58,126630.756
20120510,1896,600522.SH,10.69,10.88,10.55,10.57,10.56,0.01,0.09,53837.2,57654.592
20120511,1895,600522.SH,10.47,10.47,10.2,10.2,10.57,-0.37,-3.5,70205.74,72331.865
20120514,1894,600522.SH,10.27,10.35,10.06,10.12,10.2,-0.08,-0.78,51586.17,52576.592
20120515,1893,600522.SH,10.04,10.26,9.96,10.25,10.12,0.13,1.28,38200.8,38763.568
20120516,1892,600522.SH,10.24,10.28,10.03,10.04,10.25,-0.21,-2.05,33175.24,33637.642
20120517,1891,600522.SH,10.15,10.27,10.07,10.18,10.04,0.14,1.39,34631.33,35258.939
20120518,1890,600522.SH,10.19,10.19,9.76,9.83,10.18,-0.35,-3.44,71862.03,71538.845
20120521,1889,600522.SH,9.83,9.94,9.8,9.87,9.83,0.04,0.41,29956.88,29559.609
20120522,1888,600522.SH,9.91,10.12,9.91,10.07,9.87,0.2,2.03,42479.41,42678.77
20120523,1887,600522.SH,10.04,10.08,9.8,9.9,10.07,-0.17,-1.69,40287.35,39962.826
20120524,1886,600522.SH,10.0,10.18,9.98,10.05,9.9,0.15,1.52,53073.12,53491.183
20120525,1885,600522.SH,10.02,10.3,10.01,10.12,10.05,0.07,0.7,62876.11,63800.011
20120528,1884,600522.SH,10.0,10.2,9.83,10.17,10.12,0.05,0.49,59296.36,59218.412
20120529,1883,600522.SH,10.19,10.26,10.04,10.21,10.17,0.04,0.39,67670.67,68880.578
20120530,1882,600522.SH,10.19,10.27,10.13,10.2,10.21,-0.01,-0.1,45912.73,46879.236
20120531,1881,600522.SH,10.14,10.45,10.1,10.41,10.2,0.21,2.06,154625.34,159910.85
20120601,1880,600522.SH,10.34,10.47,10.22,10.24,10.41,-0.17,-1.63,72909.04,75368.528
20120604,1879,600522.SH,10.0,10.01,9.75,9.77,10.24,-0.47,-4.59,72512.42,71795.782
20120605,1878,600522.SH,9.84,9.88,9.68,9.7,9.77,-0.07,-0.72,39399.84,38432.948
20120607,1877,600522.SH,9.86,9.91,9.52,9.57,9.7,-0.13,-1.34,38808.69,37714.546
20120608,1876,600522.SH,9.7,9.7,9.4,9.42,9.57,-0.15,-1.57,43893.26,41735.243
20120611,1875,600522.SH,9.49,9.6,9.34,9.58,9.42,0.16,1.7,57351.34,54394.928
20120612,1874,600522.SH,9.52,9.52,9.32,9.33,9.58,-0.25,-2.61,39570.12,37210.138
20120613,1873,600522.SH,9.41,9.41,9.18,9.35,9.33,0.02,0.21,112574.98,104426.97
20120614,1872,600522.SH,9.31,9.34,9.16,9.2,9.35,-0.15,-1.6,107369.1,98992.78
20120615,1871,600522.SH,9.24,9.25,9.08,9.19,9.2,-0.01,-0.11,57104.54,52347.412
20120618,1870,600522.SH,9.23,9.34,9.22,9.28,9.19,0.09,0.98,53615.06,49807.886
20120619,1869,600522.SH,9.27,9.34,9.23,9.26,9.28,-0.02,-0.22,39807.72,36959.627
20120620,1868,600522.SH,9.29,9.34,9.24,9.29,9.26,0.03,0.32,37070.68,34444.543
20120621,1867,600522.SH,9.26,9.26,9.07,9.1,9.29,-0.19,-2.05,40477.32,36957.01
20120625,1866,600522.SH,9.03,9.08,8.73,8.74,9.1,-0.36,-3.96,43283.8,38449.921
20120626,1865,600522.SH,8.7,8.71,8.38,8.58,8.74,-0.16,-1.83,57306.11,48878.072
20120627,1864,600522.SH,8.58,8.63,8.47,8.48,8.58,-0.1,-1.17,34523.99,29496.466
20120628,1863,600522.SH,8.55,8.68,8.4,8.4,8.48,-0.08,-0.94,45343.86,38928.471
20120629,1862,600522.SH,8.35,8.56,8.3,8.53,8.4,0.13,1.55,44095.58,37165.059
20120702,1861,600522.SH,8.6,8.64,8.51,8.55,8.53,0.02,0.23,39450.22,33852.666
20120703,1860,600522.SH,8.53,8.65,8.48,8.52,8.55,-0.03,-0.35,40907.66,35000.778
20120704,1859,600522.SH,8.58,8.58,8.41,8.45,8.52,-0.07,-0.82,27624.74,23482.027
20120705,1858,600522.SH,8.45,8.45,8.11,8.12,8.45,-0.33,-3.91,50354.43,41252.163
20120706,1857,600522.SH,8.18,8.32,8.02,8.28,8.12,0.16,1.97,52729.82,43033.268
20120709,1856,600522.SH,8.21,8.27,8.0,8.01,8.28,-0.27,-3.26,46048.09,37400.912
20120710,1855,600522.SH,7.99,8.0,7.8,7.88,8.01,-0.13,-1.62,44093.45,34794.652
20120711,1854,600522.SH,7.85,7.99,7.84,7.97,7.88,0.09,1.14,23183.08,18378.14
20120712,1853,600522.SH,7.96,8.23,7.95,8.18,7.97,0.21,2.63,47650.11,38595.742
20120713,1852,600522.SH,8.14,8.25,8.11,8.14,8.18,-0.04,-0.49,31105.58,25427.262
20120716,1851,600522.SH,8.12,8.17,7.65,7.66,8.14,-0.48,-5.9,55572.56,43603.606
20120717,1850,600522.SH,7.66,7.8,7.6,7.77,7.66,0.11,1.44,39169.17,30193.413
20120718,1849,600522.SH,7.78,8.03,7.77,7.99,7.77,0.22,2.83,60786.03,48153.483
20120719,1848,600522.SH,7.97,8.22,7.92,8.1,7.99,0.11,1.38,62698.92,50820.918
20120720,1847,600522.SH,8.1,8.14,8.0,8.02,8.1,-0.08,-0.99,32856.46,26512.228
20120723,1846,600522.SH,7.99,7.99,7.7,7.87,8.02,-0.15,-1.87,30222.05,23787.701
20120724,1845,600522.SH,7.81,8.11,7.8,8.07,7.87,0.2,2.54,41298.35,32978.553
20120725,1844,600522.SH,8.0,8.08,7.89,7.91,8.07,-0.16,-1.98,28421.22,22688.309
20120726,1843,600522.SH,7.96,8.06,7.87,7.92,7.91,0.01,0.13,31394.75,25020.596
20120727,1842,600522.SH,8.0,8.03,7.91,7.96,7.92,0.04,0.51,28757.78,22889.768
20120730,1841,600522.SH,7.97,8.03,7.78,7.83,7.96,-0.13,-1.63,25005.09,19796.35
20120731,1840,600522.SH,7.83,7.87,7.7,7.73,7.83,-0.1,-1.28,18642.84,14478.076
20120801,1839,600522.SH,7.76,7.99,7.75,7.95,7.73,0.22,2.85,24903.92,19676.463
20120802,1838,600522.SH,7.94,8.02,7.86,7.92,7.95,-0.03,-0.38,23103.47,18342.378
20120803,1837,600522.SH,8.0,8.12,7.9,8.11,7.92,0.19,2.4,39867.4,31997.613
20120806,1836,600522.SH,8.12,8.45,8.05,8.43,8.11,0.32,3.95,81867.0,67819.066
20120807,1835,600522.SH,8.4,8.46,8.29,8.37,8.43,-0.06,-0.71,67179.31,56141.619
20120808,1834,600522.SH,8.4,8.57,8.27,8.51,8.37,0.14,1.67,95378.44,80629.395
20120809,1833,600522.SH,8.47,8.57,8.39,8.55,8.51,0.04,0.47,68987.4,58488.364
20120810,1832,600522.SH,8.51,8.55,8.39,8.4,8.55,-0.15,-1.75,45462.37,38385.286
20120813,1831,600522.SH,8.4,8.45,8.23,8.24,8.4,-0.16,-1.9,48353.7,40285.422
20120814,1830,600522.SH,8.19,8.37,8.1,8.35,8.24,0.11,1.34,45532.38,37357.244
20120815,1829,600522.SH,8.35,8.35,8.12,8.14,8.35,-0.21,-2.52,48766.32,39912.386
20120816,1828,600522.SH,8.15,8.18,8.02,8.03,8.14,-0.11,-1.35,35732.93,28930.593
20120817,1827,600522.SH,8.03,8.05,7.89,7.98,8.03,-0.05,-0.62,43651.08,34689.274
20120820,1826,600522.SH,7.94,7.99,7.8,7.91,7.98,-0.07,-0.88,38178.02,29999.062
20120821,1825,600522.SH,7.91,8.12,7.9,8.1,7.91,0.19,2.4,46201.45,37189.727
20120822,1824,600522.SH,8.09,8.1,7.89,7.93,8.1,-0.17,-2.1,48314.15,38537.947
20120823,1823,600522.SH,7.94,8.19,7.94,8.19,7.93,0.26,3.28,58706.65,47417.651
20120824,1822,600522.SH,8.13,8.44,8.12,8.27,8.19,0.08,0.98,131430.67,109351.695
20120827,1821,600522.SH,8.24,8.28,8.11,8.18,8.27,-0.09,-1.09,53309.24,43697.898
20120828,1820,600522.SH,8.17,8.24,8.0,8.16,8.18,-0.02,-0.24,68876.69,55976.598
20120829,1819,600522.SH,8.12,8.45,8.09,8.28,8.16,0.12,1.47,86790.79,72105.344
20120830,1818,600522.SH,8.3,8.43,8.05,8.32,8.28,0.04,0.48,87258.95,72466.162
20120831,1817,600522.SH,8.34,8.52,8.3,8.5,8.32,0.18,2.16,95750.68,80935.406
20120903,1816,600522.SH,8.45,8.6,8.39,8.5,8.5,0.0,0.0,92045.68,78332.841
20120904,1815,600522.SH,8.51,8.56,8.27,8.28,8.5,-0.22,-2.59,88197.84,73975.799
20120905,1814,600522.SH,8.26,8.53,8.2,8.47,8.28,0.19,2.29,78018.06,65267.564
20120906,1813,600522.SH,8.52,8.68,8.43,8.64,8.47,0.17,2.01,98971.6,84844.025
20120907,1812,600522.SH,8.75,9.01,8.66,8.89,8.64,0.25,2.89,173441.45,154038.659
20120910,1811,600522.SH,8.91,9.14,8.89,8.99,8.89,0.1,1.12,144124.42,130032.208
20120911,1810,600522.SH,8.92,9.05,8.87,8.92,8.99,-0.07,-0.78,85640.69,76592.56
20120912,1809,600522.SH,9.0,9.05,8.79,8.93,8.92,0.01,0.11,81438.09,72318.349
20120913,1808,600522.SH,8.92,9.02,8.86,8.87,8.93,-0.06,-0.67,70166.86,62676.577
20120914,1807,600522.SH,9.01,9.09,8.75,8.85,8.87,-0.02,-0.23,75804.56,67364.304
20120917,1806,600522.SH,8.77,8.83,8.49,8.5,8.85,-0.35,-3.95,83816.44,72095.573
20120918,1805,600522.SH,8.46,8.62,8.4,8.42,8.5,-0.08,-0.94,52767.87,44913.257
20120919,1804,600522.SH,8.53,8.74,8.47,8.73,8.42,0.31,3.68,84788.24,73245.266
20120920,1803,600522.SH,8.7,8.73,8.36,8.39,8.73,-0.34,-3.89,70995.97,60992.308
20120921,1802,600522.SH,8.4,8.56,8.33,8.37,8.39,-0.02,-0.24,47758.2,40305.971
20120924,1801,600522.SH,8.27,8.42,8.18,8.37,8.37,0.0,0.0,46245.42,38350.342
20120925,1800,600522.SH,8.25,8.36,8.17,8.17,8.37,-0.2,-2.39,56057.35,46114.416
20120926,1799,600522.SH,8.17,8.24,7.97,7.99,8.17,-0.18,-2.2,42105.06,33914.584
20120927,1798,600522.SH,7.85,8.24,7.85,8.15,7.99,0.16,2.0,57280.94,46148.98
20120928,1797,600522.SH,8.11,8.3,8.05,8.29,8.15,0.14,1.72,45329.51,37126.439
20121008,1796,600522.SH,8.28,8.33,8.17,8.2,8.29,-0.09,-1.09,31487.57,25906.325
20121009,1795,600522.SH,8.18,8.44,8.18,8.42,8.2,0.22,2.68,60465.32,50553.631
20121010,1794,600522.SH,8.43,8.49,8.39,8.48,8.42,0.06,0.71,46324.22,39119.229
20121011,1793,600522.SH,8.45,8.46,8.25,8.26,8.48,-0.22,-2.59,47115.3,39329.337
20121012,1792,600522.SH,8.26,8.4,8.12,8.21,8.26,-0.05,-0.61,33987.52,27997.881
20121015,1791,600522.SH,8.24,8.26,8.07,8.13,8.21,-0.08,-0.97,30325.58,24654.789
20121016,1790,600522.SH,8.13,8.26,8.09,8.21,8.13,0.08,0.98,36916.29,30189.051
20121017,1789,600522.SH,8.21,8.27,8.09,8.18,8.21,-0.03,-0.37,20755.06,16949.592
20121018,1788,600522.SH,8.19,8.4,8.16,8.33,8.18,0.15,1.83,44172.73,36693.809
20121019,1787,600522.SH,8.33,8.39,8.29,8.35,8.33,0.02,0.24,27749.88,23139.336
20121022,1786,600522.SH,8.3,8.39,8.21,8.33,8.35,-0.02,-0.24,35831.62,29759.099
20121023,1785,600522.SH,8.35,8.37,8.22,8.22,8.33,-0.11,-1.32,30954.48,25690.284
20121024,1784,600522.SH,8.22,8.55,8.21,8.47,8.22,0.25,3.04,110119.41,92906.133
20121025,1783,600522.SH,8.48,8.58,8.25,8.28,8.47,-0.19,-2.24,59059.03,49557.885
20121026,1782,600522.SH,8.33,8.33,8.05,8.11,8.28,-0.17,-2.05,46550.72,37945.033
20121029,1781,600522.SH,8.11,8.16,8.02,8.08,8.11,-0.03,-0.37,21890.93,17685.328
20121030,1780,600522.SH,8.1,8.17,8.05,8.09,8.08,0.01,0.12,18366.66,14878.06
20121031,1779,600522.SH,8.09,8.12,7.99,8.09,8.09,0.0,0.0,29662.17,23884.674
20121101,1778,600522.SH,8.11,8.24,8.1,8.22,8.09,0.13,1.61,36895.58,30220.878
20121102,1777,600522.SH,8.25,8.27,8.14,8.23,8.22,0.01,0.12,38643.36,31706.613
20121105,1776,600522.SH,8.24,8.27,8.17,8.18,8.23,-0.05,-0.61,30518.22,25028.354
20121106,1775,600522.SH,8.21,8.21,8.0,8.07,8.18,-0.11,-1.34,40084.93,32320.357
20121107,1774,600522.SH,8.08,8.13,8.03,8.09,8.07,0.02,0.25,22343.05,18060.965
20121108,1773,600522.SH,8.01,8.01,7.76,7.78,8.09,-0.31,-3.83,44474.19,35184.74
20121109,1772,600522.SH,7.8,7.83,7.6,7.69,7.78,-0.09,-1.16,35321.32,27165.938
20121112,1771,600522.SH,7.7,7.76,7.65,7.75,7.69,0.06,0.78,20732.48,16013.047
20121113,1770,600522.SH,7.76,7.76,7.41,7.54,7.75,-0.21,-2.71,53336.18,40315.398
20121114,1769,600522.SH,7.5,7.53,7.33,7.46,7.54,-0.08,-1.06,28753.24,21389.827
20121115,1768,600522.SH,7.4,7.45,7.29,7.31,7.46,-0.15,-2.01,16568.89,12214.102
20121116,1767,600522.SH,7.3,7.32,7.2,7.24,7.31,-0.07,-0.96,23942.83,17342.109
20121119,1766,600522.SH,7.25,7.37,7.22,7.37,7.24,0.13,1.8,22124.9,16107.426
20121120,1765,600522.SH,7.4,7.44,7.33,7.35,7.37,-0.02,-0.27,17916.36,13206.208
20121121,1764,600522.SH,7.35,7.44,7.2,7.43,7.35,0.08,1.09,31065.6,22774.967
20121122,1763,600522.SH,7.36,7.38,7.27,7.28,7.43,-0.15,-2.02,15984.73,11719.614
20121123,1762,600522.SH,7.33,7.4,7.27,7.35,7.28,0.07,0.96,17416.22,12808.664
20121126,1761,600522.SH,7.38,7.42,7.29,7.3,7.35,-0.05,-0.68,13637.04,10029.044
20121127,1760,600522.SH,7.21,7.28,7.01,7.02,7.3,-0.28,-3.84,27817.28,19768.983
20121128,1759,600522.SH,6.99,6.99,6.8,6.85,7.02,-0.17,-2.42,22934.31,15805.245
20121129,1758,600522.SH,6.88,6.92,6.72,6.74,6.85,-0.11,-1.61,19349.96,13188.821
20121130,1757,600522.SH,6.74,6.85,6.71,6.82,6.74,0.08,1.19,22634.33,15360.756
20121203,1756,600522.SH,6.77,6.83,6.62,6.63,6.82,-0.19,-2.79,23537.31,15814.351
20121204,1755,600522.SH,6.6,7.02,6.54,6.97,6.63,0.34,5.13,55998.21,38129.301
20121205,1754,600522.SH,6.95,7.31,6.88,7.22,6.97,0.25,3.59,71716.15,51345.127
20121206,1753,600522.SH,7.22,7.32,7.16,7.29,7.22,0.07,0.97,39138.18,28267.17
20121207,1752,600522.SH,7.28,7.66,7.23,7.53,7.29,0.24,3.29,110628.54,82592.13
20121210,1751,600522.SH,7.58,7.95,7.53,7.69,7.53,0.16,2.12,153643.88,118173.609
20121211,1750,600522.SH,7.64,7.83,7.57,7.72,7.69,0.03,0.39,128674.81,99547.83
20121212,1749,600522.SH,7.7,7.9,7.59,7.73,7.72,0.01,0.13,104494.19,80734.02
20121213,1748,600522.SH,7.7,7.7,7.52,7.57,7.73,-0.16,-2.07,57701.46,43813.65
20121214,1747,600522.SH,7.57,7.93,7.55,7.91,7.57,0.34,4.49,156058.28,121839.017
20121217,1746,600522.SH,7.93,8.03,7.8,7.88,7.91,-0.03,-0.38,159561.54,126198.827
20121218,1745,600522.SH,7.9,8.09,7.77,7.94,7.88,0.06,0.76,197353.03,155606.888
20121219,1744,600522.SH,7.91,8.01,7.82,7.84,7.94,-0.1,-1.26,100666.76,79489.876
20121220,1743,600522.SH,7.82,7.82,7.57,7.69,7.84,-0.15,-1.91,163742.54,125631.341
20121221,1742,600522.SH,7.69,7.76,7.56,7.6,7.69,-0.09,-1.17,114548.69,87562.336
20121224,1741,600522.SH,7.58,7.63,7.56,7.62,7.6,0.02,0.26,90600.28,68848.812
20121225,1740,600522.SH,7.61,7.82,7.49,7.81,7.62,0.19,2.49,230725.55,177290.607
20121226,1739,600522.SH,7.78,7.97,7.77,7.9,7.81,0.09,1.15,147895.6,116367.307
20121227,1738,600522.SH,7.87,7.92,7.7,7.71,7.9,-0.19,-2.41,154142.35,120111.634
20121228,1737,600522.SH,7.66,7.74,7.62,7.71,7.71,0.0,0.0,87089.39,66881.528
20121231,1736,600522.SH,7.75,7.94,7.69,7.89,7.71,0.18,2.33,124490.54,97261.767
20130104,1735,600522.SH,8.0,8.03,7.85,7.94,7.89,0.05,0.63,168849.16,134201.552
20130107,1734,600522.SH,7.94,8.22,7.91,8.21,7.94,0.27,3.4,222775.69,180769.717
20130108,1733,600522.SH,8.26,8.89,8.21,8.59,8.21,0.38,4.63,397900.57,339507.142
20130109,1732,600522.SH,8.48,8.73,8.36,8.63,8.59,0.04,0.47,262568.85,224249.505
20130110,1731,600522.SH,8.56,8.67,8.39,8.48,8.63,-0.15,-1.74,144529.95,122901.389
20130111,1730,600522.SH,8.43,8.62,8.17,8.21,8.48,-0.27,-3.18,162835.25,135839.705
20130114,1729,600522.SH,8.18,8.55,8.16,8.51,8.21,0.3,3.65,165888.78,139346.627
20130115,1728,600522.SH,8.51,8.68,8.51,8.64,8.51,0.13,1.53,188851.51,162362.267
20130116,1727,600522.SH,8.63,8.7,8.41,8.54,8.64,-0.1,-1.16,122582.61,104544.751
20130117,1726,600522.SH,8.76,9.0,8.54,8.58,8.54,0.04,0.47,195232.49,170526.041
20130118,1725,600522.SH,8.52,8.73,8.5,8.62,8.58,0.04,0.47,114297.23,98292.504
20130121,1724,600522.SH,8.75,8.98,8.73,8.85,8.62,0.23,2.67,184395.58,163116.146
20130122,1723,600522.SH,8.89,8.89,8.45,8.55,8.85,-0.3,-3.39,154432.36,133617.243
20130123,1722,600522.SH,8.52,8.62,8.31,8.53,8.55,-0.02,-0.23,96643.85,81821.006
20130124,1721,600522.SH,8.49,8.63,8.2,8.31,8.53,-0.22,-2.58,118150.0,99567.944
20130125,1720,600522.SH,8.3,8.37,8.25,8.31,8.31,0.0,0.0,50315.46,41813.306
20130128,1719,600522.SH,8.35,8.57,8.34,8.55,8.31,0.24,2.89,96462.65,81776.626
20130129,1718,600522.SH,8.57,8.64,8.48,8.56,8.55,0.01,0.12,99782.02,85475.054
20130130,1717,600522.SH,8.56,8.58,8.4,8.49,8.56,-0.07,-0.82,86931.08,73606.149
20130131,1716,600522.SH,8.47,8.54,8.41,8.52,8.49,0.03,0.35,56186.38,47656.947
20130201,1715,600522.SH,8.49,8.63,8.43,8.59,8.52,0.07,0.82,86154.72,73880.826
20130204,1714,600522.SH,8.64,8.71,8.46,8.48,8.59,-0.11,-1.28,92673.27,79210.519
20130205,1713,600522.SH,8.45,8.45,8.29,8.4,8.48,-0.08,-0.94,134188.5,112035.116
20130206,1712,600522.SH,8.41,8.49,8.38,8.47,8.4,0.07,0.83,95467.86,80408.397
20130207,1711,600522.SH,8.47,8.48,8.39,8.42,8.47,-0.05,-0.59,76254.97,64127.08
20130208,1710,600522.SH,8.41,8.76,8.39,8.74,8.42,0.32,3.8,172902.44,149061.297
20130218,1709,600522.SH,8.8,8.84,8.64,8.73,8.74,-0.01,-0.11,125161.83,109342.852
20130219,1708,600522.SH,8.7,8.79,8.56,8.59,8.73,-0.14,-1.6,94727.49,82063.0
20130220,1707,600522.SH,8.55,8.81,8.54,8.8,8.59,0.21,2.44,126082.2,109633.127
20130221,1706,600522.SH,8.74,8.85,8.55,8.77,8.8,-0.03,-0.34,174220.32,151795.673
20130222,1705,600522.SH,8.71,9.11,8.71,8.98,8.77,0.21,2.39,255882.16,228717.55
20130225,1704,600522.SH,9.0,9.07,8.86,9.0,8.98,0.02,0.22,147393.43,132402.624
20130226,1703,600522.SH,8.94,9.16,8.69,8.75,9.0,-0.25,-2.78,195760.78,175408.353
20130227,1702,600522.SH,8.8,8.93,8.64,8.78,8.75,0.03,0.34,91517.64,80369.793
20130228,1701,600522.SH,8.8,9.04,8.72,8.99,8.78,0.21,2.39,125488.97,111765.801
20130301,1700,600522.SH,8.99,9.37,8.93,9.32,8.99,0.33,3.67,265558.36,244667.18
20130304,1699,600522.SH,9.23,9.47,9.04,9.12,9.32,-0.2,-2.15,232157.72,214366.015
20130305,1698,600522.SH,9.15,9.51,9.09,9.5,9.12,0.38,4.17,212514.02,197682.52
20130306,1697,600522.SH,9.53,9.93,9.41,9.66,9.5,0.16,1.68,327384.8,317518.144
20130307,1696,600522.SH,9.67,9.87,9.2,9.37,9.66,-0.29,-3.0,254370.21,243642.558
20130308,1695,600522.SH,9.35,9.55,9.2,9.33,9.37,-0.04,-0.43,126261.36,118021.504
20130311,1694,600522.SH,9.33,9.38,9.23,9.3,9.33,-0.03,-0.32,85085.64,79150.067
20130312,1693,600522.SH,9.31,9.36,8.75,8.83,9.3,-0.47,-5.05,251162.68,225576.339
20130313,1692,600522.SH,8.82,8.82,8.33,8.55,8.83,-0.28,-3.17,162278.8,138542.036
20130314,1691,600522.SH,8.53,8.67,8.48,8.62,8.55,0.07,0.82,77123.61,66134.754
20130315,1690,600522.SH,8.63,9.48,8.62,9.12,8.62,0.5,5.8,372998.73,339062.445
20130318,1689,600522.SH,9.1,9.34,8.92,9.11,9.12,-0.01,-0.11,158440.89,144786.725
20130319,1688,600522.SH,9.1,9.26,8.98,9.2,9.11,0.09,0.99,144008.01,131914.148
20130320,1687,600522.SH,9.21,9.36,9.07,9.35,9.2,0.15,1.63,185605.67,171472.645
20130321,1686,600522.SH,9.25,9.41,9.13,9.25,9.35,-0.1,-1.07,189283.59,175589.348
20130322,1685,600522.SH,9.2,9.43,9.15,9.26,9.25,0.01,0.11,141844.65,131768.362
20130325,1684,600522.SH,9.25,9.3,9.01,9.08,9.26,-0.18,-1.94,117097.88,106483.922
20130326,1683,600522.SH,9.03,9.15,8.88,9.14,9.08,0.06,0.66,97054.82,87537.229
20130327,1682,600522.SH,9.13,9.38,9.1,9.18,9.14,0.04,0.44,113679.76,105088.669
20130328,1681,600522.SH,9.09,9.4,9.01,9.07,9.18,-0.11,-1.2,203254.14,187902.428
20130329,1680,600522.SH,9.1,9.15,8.85,8.88,9.07,-0.19,-2.09,130392.3,117301.952
20130401,1679,600522.SH,8.86,9.12,8.85,8.96,8.88,0.08,0.9,75729.84,68167.282
20130402,1678,600522.SH,9.16,9.72,9.16,9.31,8.96,0.35,3.91,330266.57,310435.455
20130403,1677,600522.SH,9.42,9.46,9.13,9.19,9.31,-0.12,-1.29,121742.3,112754.389
20130408,1676,600522.SH,9.05,9.39,8.8,9.38,9.19,0.19,2.07,153756.11,139908.029
20130409,1675,600522.SH,9.38,9.59,9.29,9.57,9.38,0.19,2.03,194504.69,183700.073
20130410,1674,600522.SH,9.54,9.72,9.48,9.62,9.57,0.05,0.52,204435.72,196752.689
20130411,1673,600522.SH,9.63,9.66,9.34,9.37,9.62,-0.25,-2.6,126755.39,120171.833
20130412,1672,600522.SH,9.38,9.46,9.21,9.29,9.37,-0.08,-0.85,83048.34,77330.974
20130415,1671,600522.SH,9.23,9.42,9.17,9.33,9.29,0.04,0.43,88142.13,81919.533
20130416,1670,600522.SH,9.23,9.27,9.05,9.18,9.33,-0.15,-1.61,127031.53,116364.814
20130417,1669,600522.SH,9.14,9.39,9.12,9.37,9.18,0.19,2.07,112323.73,104099.288
20130418,1668,600522.SH,9.35,9.57,9.3,9.48,9.37,0.11,1.17,165006.49,156287.431
20130419,1667,600522.SH,9.42,9.84,9.41,9.73,9.48,0.25,2.64,247024.17,239562.836
20130422,1666,600522.SH,9.75,9.93,9.66,9.85,9.73,0.12,1.23,199944.15,196031.485
20130423,1665,600522.SH,9.86,9.9,9.32,9.35,9.85,-0.5,-5.08,215355.06,205991.505
20130424,1664,600522.SH,9.36,10.19,9.36,10.1,9.35,0.75,8.02,372823.1,369638.526
20130425,1663,600522.SH,10.01,10.48,9.93,10.14,10.1,0.04,0.4,446752.88,457379.372
20130426,1662,600522.SH,10.0,10.26,9.88,9.9,10.14,-0.24,-2.37,221071.18,221230.844
20130502,1661,600522.SH,9.74,10.35,9.7,10.32,9.9,0.42,4.24,210414.02,213278.182
20130503,1660,600522.SH,10.36,10.55,10.21,10.26,10.32,-0.06,-0.58,250978.62,260893.812
20130506,1659,600522.SH,10.26,10.66,10.26,10.58,10.26,0.32,3.12,233984.49,246952.057
20130507,1658,600522.SH,10.5,10.65,10.4,10.58,10.58,0.0,0.0,160462.67,168544.35
20130508,1657,600522.SH,10.64,10.75,10.2,10.37,10.58,-0.21,-1.98,304046.96,315940.502
20130509,1656,600522.SH,10.35,10.88,10.25,10.88,10.37,0.51,4.92,332186.03,352015.169
20130510,1655,600522.SH,10.78,11.14,10.66,10.79,10.88,-0.09,-0.83,328189.02,356989.665
20130513,1654,600522.SH,10.78,10.95,10.58,10.9,10.79,0.11,1.02,224351.95,241096.127
20130514,1653,600522.SH,10.84,10.84,10.55,10.76,10.9,-0.14,-1.28,184978.43,197332.962
20130515,1652,600522.SH,10.73,10.86,10.65,10.84,10.76,0.08,0.74,157048.45,168909.292
20130516,1651,600522.SH,10.84,11.12,10.56,10.65,10.84,-0.19,-1.75,318800.85,346071.034
20130517,1650,600522.SH,10.59,10.88,10.33,10.7,10.65,0.05,0.47,277470.7,293786.217
20130520,1649,600522.SH,10.74,11.13,10.6,11.03,10.7,0.33,3.08,261608.49,286082.833
20130521,1648,600522.SH,11.03,11.4,10.92,11.26,11.03,0.23,2.09,279288.84,314115.85
20130522,1647,600522.SH,11.32,11.36,10.9,10.98,11.26,-0.28,-2.49,223734.12,247682.474
20130523,1646,600522.SH,10.9,11.19,10.66,10.67,10.98,-0.31,-2.82,216477.33,235841.155
20130524,1645,600522.SH,10.73,10.86,10.58,10.82,10.67,0.15,1.41,239104.71,256272.399
20130527,1644,600522.SH,10.82,11.04,10.74,10.82,10.82,0.0,0.0,189468.39,205831.02
20130528,1643,600522.SH,10.82,10.82,10.41,10.5,10.82,-0.32,-2.96,231467.65,244199.989
20130529,1642,600522.SH,10.5,10.65,10.38,10.56,10.5,0.06,0.57,192604.21,202446.826
20130530,1641,600522.SH,10.45,10.67,10.43,10.64,10.56,0.08,0.76,145364.58,153050.28
20130531,1640,600522.SH,10.68,10.82,10.56,10.58,10.64,-0.06,-0.56,169927.3,182313.866
20130603,1639,600522.SH,10.6,10.66,10.15,10.17,10.58,-0.41,-3.88,206810.18,214120.415
20130604,1638,600522.SH,10.2,10.26,9.95,10.12,10.17,-0.05,-0.49,153920.44,155059.7
20130605,1637,600522.SH,10.1,10.25,9.96,10.24,10.12,0.12,1.19,89739.98,90782.578
20130606,1636,600522.SH,10.16,10.21,9.95,9.97,10.24,-0.27,-2.64,98684.74,99052.878
20130607,1635,600522.SH,9.96,10.08,9.56,9.6,9.97,-0.37,-3.71,121971.98,119963.692
20130613,1634,600522.SH,9.5,9.51,8.64,8.89,9.6,-0.71,-7.4,174224.66,155657.615
20130614,1633,600522.SH,8.96,9.11,8.8,9.08,8.89,0.19,2.14,125571.43,112715.603
20130617,1632,600522.SH,9.07,9.19,8.98,9.08,9.08,0.0,0.0,98120.91,89321.515
20130618,1631,600522.SH,9.1,9.22,9.03,9.12,9.08,0.04,0.44,80483.09,73532.549
20130619,1630,600522.SH,9.08,9.08,8.75,8.88,9.12,-0.24,-2.63,131050.99,116152.427
20130620,1629,600522.SH,8.81,8.86,8.33,8.35,8.88,-0.53,-5.97,149793.45,128637.4
20130621,1628,600522.SH,8.14,8.36,7.9,8.2,8.35,-0.15,-1.8,140167.25,114105.729
20130624,1627,600522.SH,8.18,8.35,7.51,7.7,8.2,-0.5,-6.1,163782.16,130219.007
20130625,1626,600522.SH,7.7,8.17,7.3,8.16,7.7,0.46,5.97,273720.89,214143.89
20130626,1625,600522.SH,8.15,8.45,8.04,8.42,8.16,0.26,3.19,219766.38,182966.841
20130627,1624,600522.SH,8.41,8.46,8.06,8.08,8.42,-0.34,-4.04,167045.2,138237.709
20130628,1623,600522.SH,8.18,8.45,8.18,8.44,8.08,0.36,4.46,197224.09,164777.746
20130701,1622,600522.SH,8.41,8.56,8.25,8.55,8.44,0.11,1.3,148294.16,124766.417
20130702,1621,600522.SH,8.53,8.65,8.42,8.6,8.55,0.05,0.58,137559.02,117457.72
20130703,1620,600522.SH,8.53,8.54,8.29,8.46,8.6,-0.14,-1.63,146691.36,123347.837
20130704,1619,600522.SH,8.4,8.73,8.27,8.53,8.46,0.07,0.83,153993.73,131021.613
20130705,1618,600522.SH,8.52,8.58,8.34,8.37,8.53,-0.16,-1.88,105546.05,89000.211
20130708,1617,600522.SH,8.19,8.19,7.75,7.76,8.37,-0.61,-7.29,133426.47,105640.881
20130709,1616,600522.SH,7.55,7.87,7.55,7.78,7.76,0.02,0.26,67428.33,52309.296
20130710,1615,600522.SH,7.76,8.08,7.73,8.07,7.78,0.29,3.73,102118.08,80947.87
20130711,1614,600522.SH,8.1,8.47,8.06,8.36,8.07,0.29,3.59,158207.77,131163.727
20130712,1613,600522.SH,8.38,8.49,8.14,8.18,8.36,-0.18,-2.15,125046.55,103988.582
20130715,1612,600522.SH,8.5,8.93,8.5,8.92,8.18,0.74,9.05,352466.66,306607.892
20130716,1611,600522.SH,8.93,9.13,8.82,9.01,8.92,0.09,1.01,229460.3,206399.224
20130717,1610,600522.SH,8.96,9.15,8.84,8.89,9.01,-0.12,-1.33,204572.09,183576.524
20130718,1609,600522.SH,8.85,9.37,8.71,9.19,8.89,0.3,3.37,270986.31,246122.916
20130719,1608,600522.SH,9.13,9.33,8.8,8.82,9.19,-0.37,-4.03,217346.72,197529.283
20130722,1607,600522.SH,8.8,9.1,8.65,9.07,8.82,0.25,2.83,176435.51,157280.76
20130723,1606,600522.SH,9.35,9.5,9.17,9.24,9.07,0.17,1.87,313888.8,292549.005
20130724,1605,600522.SH,9.27,9.72,9.18,9.61,9.24,0.37,4.0,358775.63,337955.678
20130725,1604,600522.SH,9.66,9.8,9.36,9.38,9.61,-0.23,-2.39,252999.12,242278.073
20130726,1603,600522.SH,9.38,9.5,9.11,9.28,9.38,-0.1,-1.07,146541.62,136189.609
20130729,1602,600522.SH,9.23,9.23,8.9,8.92,9.28,-0.36,-3.88,151576.3,137207.179
20130730,1601,600522.SH,8.96,9.05,8.71,9.03,8.92,0.11,1.23,137489.7,122589.527
20130731,1600,600522.SH,9.04,9.36,9.04,9.19,9.03,0.16,1.77,155069.63,142809.475
20130801,1599,600522.SH,9.2,9.39,9.15,9.39,9.19,0.2,2.18,161933.65,150381.749
20130802,1598,600522.SH,9.45,9.69,9.4,9.52,9.39,0.13,1.38,216772.69,207087.075
20130805,1597,600522.SH,9.55,9.62,9.47,9.56,9.52,0.04,0.42,125782.49,119956.701
20130806,1596,600522.SH,9.52,9.73,9.51,9.6,9.56,0.04,0.42,155011.43,149189.881
20130807,1595,600522.SH,9.58,9.65,9.21,9.28,9.6,-0.32,-3.33,173703.27,163440.774
20130808,1594,600522.SH,9.28,9.4,9.21,9.32,9.28,0.04,0.43,96907.64,90108.768
20130809,1593,600522.SH,9.38,9.46,9.21,9.36,9.32,0.04,0.43,103999.8,97297.509
20130812,1592,600522.SH,9.36,9.45,9.27,9.45,9.36,0.09,0.96,142998.85,133736.487
20130813,1591,600522.SH,9.63,9.68,9.51,9.58,9.45,0.13,1.38,186108.95,178464.857
20130814,1590,600522.SH,9.69,9.95,9.68,9.84,9.58,0.26,2.71,318754.63,312927.533
20130815,1589,600522.SH,9.99,10.07,9.62,9.64,9.84,-0.2,-2.03,196166.77,192770.32
20130816,1588,600522.SH,9.53,9.94,9.45,9.47,9.64,-0.17,-1.76,192715.63,186488.783
20130819,1587,600522.SH,9.65,10.33,9.65,10.27,9.47,0.8,8.45,432173.61,435224.211
20130820,1586,600522.SH,10.2,10.56,10.15,10.37,10.27,0.1,0.97,456987.89,474548.199
20130821,1585,600522.SH,10.26,10.39,10.18,10.35,10.37,-0.02,-0.19,181330.12,186623.848
20130822,1584,600522.SH,10.35,10.71,10.3,10.33,10.35,-0.02,-0.19,243899.25,256133.899
20130823,1583,600522.SH,10.4,10.47,9.95,10.15,10.33,-0.18,-1.74,268806.36,272650.503
20130826,1582,600522.SH,10.38,10.66,10.33,10.56,10.15,0.41,4.04,265716.57,279986.881
20130827,1581,600522.SH,10.58,10.79,10.51,10.67,10.56,0.11,1.04,205032.76,218654.17
20130828,1580,600522.SH,10.56,10.57,10.23,10.29,10.67,-0.38,-3.56,291665.55,302802.077
20130829,1579,600522.SH,10.3,10.44,10.11,10.17,10.29,-0.12,-1.17,151488.98,155334.673
20130830,1578,600522.SH,10.2,10.32,9.96,10.1,10.17,-0.07,-0.69,185159.28,187418.618
20130902,1577,600522.SH,10.12,10.49,9.99,10.48,10.1,0.38,3.76,197311.59,203754.861
20130903,1576,600522.SH,10.51,10.6,10.37,10.53,10.48,0.05,0.48,147302.76,154661.206
20130904,1575,600522.SH,10.57,10.63,10.44,10.49,10.53,-0.04,-0.38,154596.93,162945.651
20130905,1574,600522.SH,10.45,10.74,10.43,10.58,10.49,0.09,0.86,173170.75,184318.088
20130906,1573,600522.SH,10.6,10.65,10.36,10.52,10.58,-0.06,-0.57,152137.0,159151.698
20130909,1572,600522.SH,10.51,10.63,10.35,10.55,10.52,0.03,0.29,175593.24,183880.859
20130910,1571,600522.SH,10.59,10.6,10.35,10.47,10.55,-0.08,-0.76,147752.6,154668.496
20130911,1570,600522.SH,10.51,10.57,10.07,10.13,10.47,-0.34,-3.25,261846.84,268159.277
20130912,1569,600522.SH,10.14,10.27,10.07,10.15,10.13,0.02,0.2,118558.36,120584.533
20130913,1568,600522.SH,10.16,10.23,9.92,10.17,10.15,0.02,0.2,141450.95,142628.639
20130916,1567,600522.SH,10.18,10.3,10.13,10.19,10.17,0.02,0.2,117439.52,119853.625
20130917,1566,600522.SH,10.23,10.47,10.2,10.28,10.19,0.09,0.88,159281.6,164720.131
20130918,1565,600522.SH,10.28,10.35,10.08,10.22,10.28,-0.06,-0.58,104791.32,106662.987
20130923,1564,600522.SH,10.28,10.77,10.28,10.76,10.22,0.54,5.28,316663.79,336276.649
20130924,1563,600522.SH,10.8,10.85,10.6,10.7,10.76,-0.06,-0.56,202785.3,217348.628
20130925,1562,600522.SH,10.74,10.97,10.57,10.72,10.7,0.02,0.19,224787.44,243156.053
20130926,1561,600522.SH,10.74,10.85,10.35,10.37,10.72,-0.35,-3.26,163213.45,171885.94
20130927,1560,600522.SH,10.37,10.56,10.25,10.37,10.37,0.0,0.0,103149.08,107236.181
20130930,1559,600522.SH,10.46,10.75,10.35,10.74,10.37,0.37,3.57,149752.28,158540.45
20131008,1558,600522.SH,10.74,11.26,10.69,11.23,10.74,0.49,4.56,295706.49,327549.035
20131009,1557,600522.SH,11.28,11.28,11.01,11.21,11.23,-0.02,-0.18,196202.63,218175.23
20131010,1556,600522.SH,11.19,11.28,10.97,11.01,11.21,-0.2,-1.78,180451.38,200235.729
20131011,1555,600522.SH,11.11,11.54,11.11,11.32,11.01,0.31,2.82,249436.26,282921.497
20131014,1554,600522.SH,11.41,11.46,11.21,11.36,11.32,0.04,0.35,154119.98,174163.43
20131015,1553,600522.SH,11.37,11.38,11.01,11.2,11.36,-0.16,-1.41,211852.52,236158.148
20131016,1552,600522.SH,11.11,11.14,10.69,10.76,11.2,-0.44,-3.93,173861.25,188744.913
20131017,1551,600522.SH,10.85,10.92,10.51,10.53,10.76,-0.23,-2.14,155104.18,166634.265
20131018,1550,600522.SH,10.53,10.74,10.5,10.7,10.53,0.17,1.61,91033.69,96965.551
20131021,1549,600522.SH,10.75,11.07,10.75,11.05,10.7,0.35,3.27,136771.61,149916.64
20131022,1548,600522.SH,11.13,11.29,10.81,10.88,11.05,-0.17,-1.54,169685.2,187594.728
20131023,1547,600522.SH,11.02,11.17,10.57,10.58,10.88,-0.3,-2.76,173169.23,186980.874
20131024,1546,600522.SH,10.58,10.73,10.42,10.53,10.58,-0.05,-0.47,96827.09,102606.517
20131025,1545,600522.SH,10.83,10.92,10.59,10.69,10.53,0.16,1.52,174257.22,187483.383
20131028,1544,600522.SH,10.75,11.07,10.66,10.99,10.69,0.3,2.81,159186.78,173631.038
20131029,1543,600522.SH,11.0,11.05,10.03,10.5,10.99,-0.49,-4.46,229791.88,241526.516
20131030,1542,600522.SH,10.49,10.58,10.33,10.55,10.5,0.05,0.48,141896.75,148739.695
20131031,1541,600522.SH,10.48,10.5,10.17,10.19,10.55,-0.36,-3.41,123358.87,127419.421
20131101,1540,600522.SH,10.22,10.28,9.96,10.08,10.19,-0.11,-1.08,127030.15,128066.077
20131104,1539,600522.SH,10.08,10.38,10.06,10.27,10.08,0.19,1.88,95617.05,98230.396
20131105,1538,600522.SH,10.29,10.47,10.19,10.43,10.27,0.16,1.56,105624.79,109346.826
20131106,1537,600522.SH,10.38,10.47,10.16,10.18,10.43,-0.25,-2.4,97735.36,101127.694
20131107,1536,600522.SH,10.19,10.34,10.1,10.22,10.18,0.04,0.39,73541.2,75312.98
20131108,1535,600522.SH,10.18,10.27,10.0,10.05,10.22,-0.17,-1.66,72301.66,72967.725
20131111,1534,600522.SH,10.05,10.17,9.96,10.08,10.05,0.03,0.3,56069.04,56513.085
20131112,1533,600522.SH,10.11,10.25,10.06,10.24,10.08,0.16,1.59,99559.34,101132.626
20131113,1532,600522.SH,10.18,10.18,9.88,9.89,10.24,-0.35,-3.42,89819.58,90046.951
20131114,1531,600522.SH,9.9,10.07,9.85,10.02,9.89,0.13,1.3145,73862.37,73664.273
20131115,1530,600522.SH,10.09,10.44,10.04,10.3,10.02,0.28,2.79,157394.51,162200.856
20131118,1529,600522.SH,10.39,10.56,10.32,10.53,10.3,0.23,2.23,144135.15,151138.48
20131119,1528,600522.SH,10.55,10.62,10.47,10.61,10.53,0.08,0.76,119733.16,126412.368
20131120,1527,600522.SH,10.7,10.86,10.65,10.76,10.61,0.15,1.41,200070.2,215271.535
20131121,1526,600522.SH,10.77,11.07,10.7,10.92,10.76,0.16,1.49,242520.86,265108.355
20131122,1525,600522.SH,10.95,11.0,10.73,10.74,10.92,-0.18,-1.65,129011.57,139356.186
20131125,1524,600522.SH,10.76,11.03,10.76,10.81,10.74,0.07,0.65,142881.53,155627.935
20131126,1523,600522.SH,10.85,11.11,10.85,10.99,10.81,0.18,1.67,186875.91,205458.611
20131127,1522,600522.SH,10.98,11.11,10.87,11.07,10.99,0.08,0.73,159331.18,175301.472
20131128,1521,600522.SH,11.18,11.24,10.97,10.99,11.07,-0.08,-0.72,196139.04,217347.28
20131129,1520,600522.SH,10.95,11.06,10.91,11.0,10.99,0.01,0.09,139920.77,153576.608
20131202,1519,600522.SH,10.68,10.97,10.45,10.49,11.0,-0.51,-4.64,226996.66,241740.062
20131203,1518,600522.SH,10.47,11.15,10.44,11.12,10.49,0.63,6.01,258470.82,281046.648
20131204,1517,600522.SH,11.2,12.2,11.15,11.93,11.12,0.81,7.28,683456.94,805402.807
20131205,1516,600522.SH,11.96,12.09,11.72,11.74,11.93,-0.19,-1.59,424861.08,503740.169
20131206,1515,600522.SH,11.66,11.94,11.62,11.78,11.74,0.04,0.34,204328.88,240506.465
20131209,1514,600522.SH,11.85,12.05,11.79,11.92,11.78,0.14,1.19,233420.54,278383.274
20131210,1513,600522.SH,11.88,11.95,11.56,11.76,11.92,-0.16,-1.34,221352.38,259149.275
20131211,1512,600522.SH,11.7,11.86,11.55,11.83,11.76,0.07,0.6,169428.55,198503.952
20131212,1511,600522.SH,11.7,11.87,11.66,11.68,11.83,-0.15,-1.27,134644.45,158482.325
20131213,1510,600522.SH,11.59,11.68,11.53,11.56,11.68,-0.12,-1.03,143992.19,166972.371
20131216,1509,600522.SH,11.6,11.6,11.03,11.04,11.56,-0.52,-4.5,228180.92,257057.83
20131217,1508,600522.SH,11.03,11.24,11.02,11.11,11.04,0.07,0.63,103875.65,115516.21
20131218,1507,600522.SH,11.12,11.19,11.04,11.13,11.11,0.02,0.18,64401.77,71574.467
20131219,1506,600522.SH,11.16,11.22,11.02,11.03,11.13,-0.1,-0.9,73863.74,82152.534
20131220,1505,600522.SH,11.06,11.1,10.9,10.94,11.03,-0.09,-0.82,86839.09,95370.172
20131223,1504,600522.SH,10.95,11.18,10.84,11.14,10.94,0.2,1.83,96107.61,106221.517
20131224,1503,600522.SH,11.11,11.39,11.1,11.22,11.14,0.08,0.72,123956.23,139485.959
20131225,1502,600522.SH,11.22,11.33,10.91,11.14,11.22,-0.08,-0.71,149579.68,166681.601
20131226,1501,600522.SH,11.1,11.1,10.68,10.71,11.14,-0.43,-3.86,161656.36,175176.846
20131227,1500,600522.SH,10.68,10.85,10.61,10.83,10.71,0.12,1.12,121360.89,130671.031
20131230,1499,600522.SH,10.92,11.11,10.87,10.92,10.83,0.09,0.83,126401.84,138894.543
20131231,1498,600522.SH,10.87,11.08,10.8,10.92,10.92,0.0,0.0,106055.19,116132.548
20140102,1497,600522.SH,10.86,11.07,10.85,11.06,10.92,0.14,1.28,115942.14,127232.903
20140103,1496,600522.SH,11.03,11.07,10.85,10.93,11.06,-0.13,-1.18,103525.86,113185.943
20140106,1495,600522.SH,10.84,10.84,10.56,10.59,10.93,-0.34,-3.11,118802.55,126766.68
20140107,1494,600522.SH,10.54,10.71,10.45,10.6,10.59,0.01,0.09,56704.45,60126.049
20140108,1493,600522.SH,10.6,10.79,10.57,10.62,10.6,0.02,0.19,66792.0,71225.031
20140109,1492,600522.SH,10.64,10.76,10.38,10.39,10.62,-0.23,-2.17,88903.2,94360.354
20140110,1491,600522.SH,10.35,11.43,10.13,10.94,10.39,0.55,5.29,413618.5,447140.897
20140113,1490,600522.SH,11.0,11.0,10.0,10.3,10.94,-0.64,-5.85,290945.71,304351.113
20140114,1489,600522.SH,10.22,10.38,10.02,10.37,10.3,0.07,0.68,142941.62,145810.724
20140115,1488,600522.SH,10.3,10.56,10.22,10.47,10.37,0.1,0.96,115318.73,120276.612
20140116,1487,600522.SH,10.48,10.68,10.41,10.48,10.47,0.01,0.1,107153.55,113218.117
20140117,1486,600522.SH,10.62,10.65,10.42,10.58,10.48,0.1,0.95,94292.6,99242.292
20140120,1485,600522.SH,10.56,10.56,10.3,10.39,10.58,-0.19,-1.8,62656.57,65415.079
20140121,1484,600522.SH,10.38,10.67,10.36,10.65,10.39,0.26,2.5,92552.71,98065.249
20140122,1483,600522.SH,10.72,11.12,10.62,11.06,10.65,0.41,3.85,192372.19,210685.823
20140123,1482,600522.SH,11.05,11.23,10.99,11.14,11.06,0.08,0.72,174842.92,194620.465
20140124,1481,600522.SH,11.1,11.44,11.08,11.32,11.14,0.18,1.62,225115.41,254516.223
20140127,1480,600522.SH,11.2,11.56,11.2,11.42,11.32,0.1,0.88,218035.72,248517.293
20140128,1479,600522.SH,11.4,11.79,11.38,11.67,11.42,0.25,2.19,226080.71,263042.448
20140129,1478,600522.SH,11.68,11.85,11.49,11.73,11.67,0.06,0.51,195861.09,229112.071
20140130,1477,600522.SH,11.68,12.07,11.55,11.86,11.73,0.13,1.11,203275.21,241404.611
20140207,1476,600522.SH,11.79,12.56,11.72,12.45,11.86,0.59,4.97,363810.68,446414.459
20140210,1475,600522.SH,12.48,12.98,12.3,12.79,12.45,0.34,2.73,470085.55,591572.071
20140211,1474,600522.SH,12.75,12.99,12.54,12.79,12.79,0.0,0.0,378719.19,484206.077
20140212,1473,600522.SH,12.8,13.2,12.67,12.77,12.79,-0.02,-0.16,334263.12,432155.027
20140219,1472,600522.SH,13.1,13.36,12.31,12.39,12.77,-0.38,-2.98,623193.73,795407.228
20140220,1471,600522.SH,12.3,13.27,12.27,12.63,12.39,0.24,1.94,409481.3,521994.185
20140221,1470,600522.SH,12.53,13.49,12.52,13.48,12.63,0.85,6.73,592119.87,775814.195
20140224,1469,600522.SH,13.5,13.78,13.11,13.57,13.48,0.09,0.67,413918.94,558318.582
20140225,1468,600522.SH,14.1,14.27,12.86,12.92,13.57,-0.65,-4.79,666333.49,908055.022
20140226,1467,600522.SH,12.9,13.2,12.6,12.83,12.92,-0.09,-0.7,387640.45,500854.358
20140227,1466,600522.SH,13.0,13.56,12.88,13.07,12.83,0.24,1.87,392480.77,521115.468
20140228,1465,600522.SH,13.09,13.26,12.56,12.82,13.07,-0.25,-1.91,353744.29,456336.771
20140303,1464,600522.SH,12.79,13.32,12.6,13.3,12.82,0.48,3.74,380017.73,497231.021
20140304,1463,600522.SH,13.4,13.6,13.09,13.51,13.3,0.21,1.58,432616.31,579216.669
20140305,1462,600522.SH,13.49,13.56,13.1,13.35,13.51,-0.16,-1.18,264664.08,352552.068
20140306,1461,600522.SH,13.0,13.95,12.81,13.8,13.35,0.45,3.37,459826.26,617783.074
20140307,1460,600522.SH,13.9,14.26,13.3,13.36,13.8,-0.44,-3.19,529957.3,732736.704
20140310,1459,600522.SH,13.01,13.59,12.86,13.22,13.36,-0.14,-1.05,319570.08,418600.087
20140311,1458,600522.SH,13.2,13.45,12.95,13.14,13.22,-0.08,-0.61,276677.36,365727.358
20140312,1457,600522.SH,13.19,13.42,12.72,13.07,13.14,-0.07,-0.53,290480.67,380772.792
20140313,1456,600522.SH,13.03,13.26,12.75,13.2,13.07,0.13,0.99,314821.61,411533.836
20140314,1455,600522.SH,13.07,13.27,12.95,13.07,13.2,-0.13,-0.98,382268.26,502102.627
20140317,1454,600522.SH,13.1,13.13,12.82,13.0,13.07,-0.07,-0.54,310604.31,403867.532
20140318,1453,600522.SH,13.06,13.27,12.92,13.06,13.0,0.06,0.46,301106.57,393720.673
20140319,1452,600522.SH,13.23,13.59,13.03,13.54,13.06,0.48,3.68,427742.4,566583.309
20140320,1451,600522.SH,13.45,13.57,12.68,12.7,13.54,-0.84,-6.2,379705.36,500902.248
20140321,1450,600522.SH,12.61,13.15,12.5,13.03,12.7,0.33,2.6,287526.19,366574.065
20140324,1449,600522.SH,13.05,13.18,12.81,13.14,13.03,0.11,0.84,209284.16,272834.043
20140325,1448,600522.SH,13.1,13.15,12.79,12.9,13.14,-0.24,-1.83,173687.29,224298.036
20140326,1447,600522.SH,12.92,13.03,12.81,12.93,12.9,0.03,0.23,102125.11,131819.434
20140327,1446,600522.SH,12.93,12.96,12.48,12.58,12.93,-0.35,-2.71,207592.63,263260.017
20140328,1445,600522.SH,12.6,12.78,11.68,11.72,12.58,-0.86,-6.84,268282.59,326462.687
20140331,1444,600522.SH,11.8,11.8,11.44,11.62,11.72,-0.1,-0.85,200427.48,233627.902
20140401,1443,600522.SH,11.8,12.08,11.45,12.02,11.62,0.4,3.44,139947.33,166568.791
20140402,1442,600522.SH,12.08,12.25,11.96,12.05,12.02,0.03,0.25,186340.8,225035.16
20140403,1441,600522.SH,12.04,12.17,11.9,11.96,12.05,-0.09,-0.75,129534.59,155523.895
20140404,1440,600522.SH,11.91,12.25,11.91,12.18,11.96,0.22,1.84,132073.55,160331.509
20140408,1439,600522.SH,12.1,12.68,12.01,12.54,12.18,0.36,2.96,169731.54,211129.683
20140409,1438,600522.SH,12.65,12.76,12.36,12.43,12.54,-0.11,-0.88,381726.75,476201.207
20140410,1437,600522.SH,12.46,12.64,12.39,12.51,12.43,0.08,0.64,290106.65,363773.163
20140411,1436,600522.SH,12.41,12.48,12.15,12.25,12.51,-0.26,-2.08,124927.91,153353.406
20140414,1435,600522.SH,12.25,12.34,12.21,12.3,12.25,0.05,0.41,68049.87,83508.457
20140415,1434,600522.SH,12.34,12.67,12.15,12.6,12.3,0.3,2.44,415093.55,518659.898
20140416,1433,600522.SH,12.55,12.76,12.45,12.72,12.6,0.12,0.95,247571.47,312710.281
20140417,1432,600522.SH,12.9,12.9,12.57,12.61,12.72,-0.11,-0.86,207275.22,263491.476
20140418,1431,600522.SH,12.55,12.78,12.5,12.63,12.61,0.02,0.16,105880.1,133477.872
20140421,1430,600522.SH,12.49,12.98,12.4,12.7,12.63,0.07,0.55,257570.04,327728.922
20140422,1429,600522.SH,12.93,13.0,12.52,12.62,12.7,-0.08,-0.63,299882.22,381373.029
20140423,1428,600522.SH,12.51,12.65,12.11,12.19,12.62,-0.43,-3.41,192434.64,238461.822
20140424,1427,600522.SH,12.2,12.23,11.92,11.94,12.19,-0.25,-2.05,133108.79,160197.648
20140425,1426,600522.SH,11.96,12.08,11.8,11.81,11.94,-0.13,-1.09,83567.38,99763.163
20140428,1425,600522.SH,11.73,11.96,11.55,11.76,11.81,-0.05,-0.42,84552.17,99333.169
20140429,1424,600522.SH,12.01,12.24,11.83,12.23,11.76,0.47,4.0,141636.22,170536.635
20140430,1423,600522.SH,12.15,12.35,12.05,12.16,12.23,-0.07,-0.57,149721.15,182456.161
20140505,1422,600522.SH,12.11,12.28,11.9,12.24,12.16,0.08,0.66,96601.92,117133.61
20140506,1421,600522.SH,12.22,12.46,12.17,12.37,12.24,0.13,1.06,89516.8,110317.975
20140507,1420,600522.SH,12.3,12.45,12.24,12.32,12.37,-0.05,-0.4,130740.02,161522.97
20140508,1419,600522.SH,12.29,12.52,12.18,12.48,12.32,0.16,1.3,202368.79,251500.392
20140509,1418,600522.SH,12.45,12.95,12.35,12.5,12.48,0.02,0.16,180258.33,226261.8
20140512,1417,600522.SH,12.63,12.69,12.43,12.51,12.5,0.01,0.08,350824.99,438441.659
20140513,1416,600522.SH,12.51,12.54,12.16,12.2,12.51,-0.31,-2.48,250848.2,308538.115
20140514,1415,600522.SH,12.16,12.28,12.02,12.22,12.2,0.02,0.16,86044.1,104758.027
20140515,1414,600522.SH,12.22,12.25,12.01,12.09,12.22,-0.13,-1.06,103491.91,125599.862
20140516,1413,600522.SH,12.09,12.17,12.02,12.09,12.09,0.0,0.0,96031.33,116211.893
20140519,1412,600522.SH,12.09,12.28,11.97,12.21,12.09,0.12,0.99,88805.43,107465.353
20140520,1411,600522.SH,12.25,12.29,12.12,12.21,12.21,0.0,0.0,81104.64,99112.107
20140521,1410,600522.SH,12.08,12.19,11.99,12.16,12.11,0.05,0.41,49946.37,60511.524
20140522,1409,600522.SH,12.18,12.28,11.81,11.89,12.16,-0.27,-2.22,130703.44,158337.978
20140523,1408,600522.SH,11.86,11.98,11.71,11.93,11.89,0.04,0.34,130059.28,153740.207
20140526,1407,600522.SH,11.91,12.08,11.87,12.05,11.93,0.12,1.01,117178.14,140080.589
20140527,1406,600522.SH,12.41,12.52,12.19,12.41,12.05,0.36,2.99,366371.43,454674.256
20140528,1405,600522.SH,12.3,12.76,12.3,12.68,12.41,0.27,2.18,339645.31,427253.524
20140529,1404,600522.SH,12.67,12.71,12.47,12.68,12.68,0.0,0.0,185334.04,233447.698
20140530,1403,600522.SH,12.68,12.88,12.59,12.77,12.68,0.09,0.71,224933.6,287302.923
20140603,1402,600522.SH,12.98,12.98,12.53,12.65,12.77,-0.12,-0.94,156902.99,199723.637
20140604,1401,600522.SH,12.65,12.7,12.41,12.48,12.65,-0.17,-1.34,115969.82,145432.446
20140605,1400,600522.SH,12.5,12.84,12.48,12.8,12.48,0.32,2.56,215642.11,273790.703
20140606,1399,600522.SH,12.85,13.05,12.75,12.92,12.8,0.12,0.94,259885.22,335128.115
20140609,1398,600522.SH,12.89,13.07,12.73,12.94,12.92,0.02,0.15,296416.12,382540.905
20140610,1397,600522.SH,12.9,13.12,12.76,13.06,12.94,0.12,0.93,442868.53,575908.199
20140611,1396,600522.SH,13.0,13.13,12.83,13.08,13.06,0.02,0.15,205157.04,266577.526
20140612,1395,600522.SH,13.09,13.19,12.95,13.07,13.08,-0.01,-0.08,163844.06,213941.122
20140613,1394,600522.SH,12.98,13.13,12.87,13.08,13.07,0.01,0.08,208992.6,272217.152
20140616,1393,600522.SH,13.13,13.27,13.02,13.15,13.08,0.07,0.54,291021.71,382422.891
20140617,1392,600522.SH,13.16,13.25,12.69,12.7,13.15,-0.45,-3.42,297433.82,386529.867
20140618,1391,600522.SH,12.68,12.84,12.55,12.81,12.7,0.11,0.87,156207.55,197815.408
20140619,1390,600522.SH,12.81,13.12,12.55,12.61,12.81,-0.2,-1.56,313687.67,404311.109
20140620,1389,600522.SH,12.55,12.75,12.52,12.68,12.61,0.07,0.56,107845.57,136389.723
20140623,1388,600522.SH,12.65,12.87,12.65,12.74,12.68,0.06,0.47,185944.66,237942.341
20140624,1387,600522.SH,12.74,12.89,12.7,12.84,12.74,0.1,0.78,162114.8,207493.363
20140625,1386,600522.SH,12.81,12.83,12.56,12.61,12.84,-0.23,-1.79,89116.92,112716.86
20140626,1385,600522.SH,12.62,12.82,12.62,12.72,12.61,0.11,0.87,89053.97,113437.905
20140627,1384,600522.SH,12.9,13.13,12.85,12.99,12.72,0.27,2.12,230448.76,299077.826
20140630,1383,600522.SH,13.08,13.23,12.95,13.09,12.99,0.1,0.77,180342.13,236830.165
20140701,1382,600522.SH,13.36,13.97,13.31,13.78,13.09,0.69,5.27,504492.2,686213.445
20140702,1381,600522.SH,13.75,13.86,13.51,13.82,13.78,0.04,0.29,253793.05,346405.023
20140703,1380,600522.SH,13.73,13.89,13.58,13.83,13.82,0.01,0.07,201206.3,276246.449
20140704,1379,600522.SH,13.82,14.1,13.61,13.67,13.83,-0.16,-1.16,356610.68,493372.544
20140707,1378,600522.SH,13.58,13.77,13.36,13.69,13.67,0.02,0.15,250653.3,339957.152
20140708,1377,600522.SH,13.69,13.78,13.41,13.7,13.69,0.01,0.07,163217.37,222581.371
20140709,1376,600522.SH,13.8,13.97,13.4,13.41,13.7,-0.29,-2.12,275063.96,378392.675
20140710,1375,600522.SH,13.39,13.49,13.17,13.24,13.41,-0.17,-1.27,158301.68,210936.451
20140711,1374,600522.SH,13.19,13.42,13.16,13.33,13.24,0.09,0.68,85767.89,114347.99
20140714,1373,600522.SH,13.38,13.66,13.32,13.63,13.33,0.3,2.25,109663.0,148544.551
20140715,1372,600522.SH,13.65,13.67,13.4,13.48,13.63,-0.15,-1.1,106100.39,143264.33
20140716,1371,600522.SH,13.52,13.94,13.44,13.68,13.48,0.2,1.48,328897.83,452156.649
20140717,1370,600522.SH,13.67,13.71,13.29,13.36,13.68,-0.32,-2.34,142262.79,191188.642
20140718,1369,600522.SH,13.32,13.44,13.25,13.29,13.36,-0.07,-0.52,94668.7,126157.598
20140721,1368,600522.SH,13.23,13.33,12.9,12.96,13.29,-0.33,-2.48,126997.42,165688.026
20140722,1367,600522.SH,12.97,13.28,12.86,13.2,12.96,0.24,1.85,103327.61,135690.305
20140723,1366,600522.SH,13.17,13.31,13.0,13.05,13.2,-0.15,-1.14,101523.56,133415.593
20140724,1365,600522.SH,13.08,13.16,12.85,13.03,13.05,-0.02,-0.15,90642.83,117889.659
20140725,1364,600522.SH,13.05,13.26,13.05,13.19,13.03,0.16,1.23,89869.92,118384.514
20140728,1363,600522.SH,13.2,13.43,13.2,13.39,13.19,0.2,1.52,117434.44,156762.255
20140729,1362,600522.SH,13.65,13.79,13.5,13.55,13.39,0.16,1.19,204800.23,279304.15
20140730,1361,600522.SH,13.6,13.68,13.42,13.57,13.55,0.02,0.15,122493.57,165977.692
20140731,1360,600522.SH,13.53,13.64,13.46,13.6,13.57,0.03,0.22,108278.26,146876.974
20140801,1359,600522.SH,13.58,13.62,13.39,13.41,13.6,-0.19,-1.4,165259.29,223185.958
20140804,1358,600522.SH,13.45,13.75,13.37,13.73,13.41,0.32,2.39,179523.64,243680.83
20140805,1357,600522.SH,14.15,14.25,13.82,13.89,13.73,0.16,1.17,326757.23,457399.582
20140806,1356,600522.SH,13.89,13.98,13.79,13.89,13.89,0.0,0.0,167181.75,232154.403
20140807,1355,600522.SH,13.91,13.93,13.59,13.6,13.89,-0.29,-2.09,200733.39,276073.348
20140808,1354,600522.SH,13.64,13.76,13.59,13.7,13.6,0.1,0.74,107098.82,146508.798
20140811,1353,600522.SH,13.72,14.19,13.72,14.08,13.7,0.38,2.77,225597.42,316252.078
20140812,1352,600522.SH,14.08,14.24,13.93,14.22,14.08,0.14,0.99,207571.82,292758.418
20140813,1351,600522.SH,14.2,14.42,14.0,14.38,14.22,0.16,1.13,253804.52,361325.391
20140814,1350,600522.SH,14.41,14.46,14.0,14.03,14.38,-0.35,-2.43,210826.8,300948.317
20140815,1349,600522.SH,14.03,14.34,14.03,14.3,14.03,0.27,1.92,178108.21,252673.155
20140818,1348,600522.SH,14.32,14.53,14.28,14.47,14.3,0.17,1.19,220809.89,318651.639
20140819,1347,600522.SH,14.48,14.52,14.13,14.3,14.47,-0.17,-1.17,176003.79,252171.954
20140820,1346,600522.SH,14.27,14.29,14.08,14.13,14.3,-0.17,-1.19,157033.61,222580.373
20140821,1345,600522.SH,14.15,14.39,13.94,14.31,14.13,0.18,1.27,212170.97,299461.004
20140822,1344,600522.SH,14.31,14.49,14.16,14.39,14.31,0.08,0.56,234290.77,336523.257
20140825,1343,600522.SH,14.41,14.44,14.05,14.08,14.39,-0.31,-2.15,173916.66,247170.531
20140826,1342,600522.SH,14.09,14.38,13.9,14.27,14.08,0.19,1.35,190130.23,267855.689
20140827,1341,600522.SH,14.2,14.24,13.88,13.9,14.27,-0.37,-2.59,219929.86,308644.009
20140828,1340,600522.SH,13.9,14.05,13.79,13.89,13.9,-0.01,-0.07,130225.13,181463.856
20140829,1339,600522.SH,13.9,14.21,13.84,14.14,13.89,0.25,1.8,129361.81,181427.253
20140901,1338,600522.SH,14.13,14.78,14.1,14.6,14.14,0.46,3.25,339082.65,490479.668
20140902,1337,600522.SH,14.65,14.75,14.5,14.66,14.6,0.06,0.41,237111.71,346707.962
20140903,1336,600522.SH,14.71,15.06,14.6,14.94,14.66,0.28,1.91,398006.21,589571.35
20140904,1335,600522.SH,15.1,15.2,14.86,15.01,14.94,0.07,0.47,365868.66,549749.718
20140905,1334,600522.SH,15.06,15.14,14.93,15.03,15.01,0.02,0.13,238488.89,358742.62
20140909,1333,600522.SH,15.09,15.17,14.95,15.04,15.03,0.01,0.07,193525.97,291149.829
20140910,1332,600522.SH,15.01,15.01,14.75,14.85,15.04,-0.19,-1.26,219312.75,325646.932
20140911,1331,600522.SH,14.81,15.37,14.81,15.18,14.85,0.33,2.22,309751.54,467525.049
20140912,1330,600522.SH,15.15,15.5,15.05,15.44,15.18,0.26,1.71,272688.69,419066.957
20140915,1329,600522.SH,15.46,15.55,15.29,15.41,15.44,-0.03,-0.19,205383.86,316079.859
20140916,1328,600522.SH,15.37,15.45,14.72,14.75,15.41,-0.66,-4.28,321278.55,484306.306
20140917,1327,600522.SH,14.76,14.95,14.62,14.88,14.75,0.13,0.88,158676.49,234647.636
20140918,1326,600522.SH,14.88,15.25,14.71,15.09,14.88,0.21,1.41,208108.73,311543.573
20140919,1325,600522.SH,15.11,15.29,14.87,15.08,15.09,-0.01,-0.07,303989.26,459475.259
20140922,1324,600522.SH,15.1,15.25,14.8,15.2,15.08,0.12,0.8,310515.81,467441.028
20140923,1323,600522.SH,15.2,15.44,15.1,15.37,15.2,0.17,1.12,311029.93,475363.712
20140924,1322,600522.SH,15.31,15.88,15.26,15.71,15.37,0.34,2.21,310842.31,487645.582
20140925,1321,600522.SH,15.74,15.78,15.44,15.51,15.71,-0.2,-1.27,200327.23,312893.899
20140926,1320,600522.SH,15.75,16.17,15.6,15.62,15.51,0.11,0.71,309356.17,491543.112
20140929,1319,600522.SH,15.75,16.25,15.63,16.19,15.62,0.57,3.65,301907.25,483444.106
20140930,1318,600522.SH,16.22,16.26,16.05,16.12,16.19,-0.07,-0.43,171705.27,277188.553
20141008,1317,600522.SH,16.12,16.27,15.92,16.18,16.12,0.06,0.37,146094.79,235878.259
20141009,1316,600522.SH,16.2,16.24,15.73,15.91,16.18,-0.27,-1.67,216276.49,344795.451
20141010,1315,600522.SH,15.85,15.95,15.62,15.78,15.91,-0.13,-0.82,172910.94,273067.016
20141013,1314,600522.SH,15.85,15.86,15.53,15.77,15.78,-0.01,-0.06,143850.42,225045.877
20141014,1313,600522.SH,15.7,16.83,15.68,16.55,15.77,0.78,4.95,514370.84,846966.663
20141015,1312,600522.SH,16.58,16.58,16.15,16.38,16.55,-0.17,-1.03,210874.7,344005.699
20141016,1311,600522.SH,16.2,16.6,15.99,16.02,16.38,-0.36,-2.2,204617.29,332550.294
20141017,1310,600522.SH,16.0,16.11,15.48,15.78,16.02,-0.24,-1.5,205681.0,324470.529
20141020,1309,600522.SH,15.82,16.1,15.79,15.98,15.78,0.2,1.27,115592.41,184544.628
20141021,1308,600522.SH,16.08,16.11,15.54,15.57,15.98,-0.41,-2.57,150829.15,238567.175
20141022,1307,600522.SH,15.61,15.75,15.22,15.27,15.57,-0.3,-1.93,173504.63,268529.536
20141023,1306,600522.SH,15.35,15.54,15.16,15.21,15.27,-0.06,-0.39,135541.86,207520.947
20141024,1305,600522.SH,15.22,15.41,15.13,15.22,15.21,0.01,0.07,87123.69,133119.464
20141027,1304,600522.SH,15.18,15.35,15.01,15.3,15.22,0.08,0.53,75617.65,115227.073
20141028,1303,600522.SH,15.36,15.92,15.36,15.82,15.3,0.52,3.4,166569.44,261350.564
20141029,1302,600522.SH,15.8,15.92,15.63,15.77,15.82,-0.05,-0.32,258118.74,406591.26
20141030,1301,600522.SH,15.76,15.88,15.56,15.62,15.77,-0.15,-0.95,205868.58,323386.165
20141031,1300,600522.SH,15.61,15.76,15.18,15.38,15.62,-0.24,-1.54,252116.3,388142.674
20141103,1299,600522.SH,15.43,15.71,15.32,15.7,15.38,0.32,2.08,166353.19,257560.458
20141104,1298,600522.SH,15.7,15.99,15.63,15.75,15.7,0.05,0.32,222750.11,352664.448
20141105,1297,600522.SH,15.76,15.89,15.58,15.77,15.75,0.02,0.13,150086.78,237121.627
20141106,1296,600522.SH,15.74,16.16,15.7,16.12,15.77,0.35,2.22,271110.05,434278.464
20141107,1295,600522.SH,16.23,16.35,15.64,15.66,16.12,-0.46,-2.85,290467.87,464985.551
20141110,1294,600522.SH,15.58,15.9,15.55,15.89,15.66,0.23,1.47,157680.82,247703.67
20141111,1293,600522.SH,16.43,16.6,15.5,15.76,15.89,-0.13,-0.82,356076.78,570430.746
20141112,1292,600522.SH,15.55,15.8,15.54,15.79,15.76,0.03,0.19,124636.19,195137.199
20141113,1291,600522.SH,15.72,15.79,15.25,15.29,15.79,-0.5,-3.17,223452.84,343911.239
20141114,1290,600522.SH,15.35,15.44,15.25,15.33,15.29,0.04,0.26,82214.41,125994.213
20141117,1289,600522.SH,15.43,15.65,15.29,15.48,15.33,0.15,0.98,95496.06,147893.881
20141118,1288,600522.SH,15.45,15.54,15.22,15.28,15.48,-0.2,-1.29,124193.39,190127.844
20141119,1287,600522.SH,15.29,15.54,15.25,15.47,15.28,0.19,1.24,111741.04,172212.521
20141120,1286,600522.SH,15.39,15.6,15.32,15.5,15.47,0.03,0.19,105930.62,164286.13
20141121,1285,600522.SH,15.45,15.57,15.41,15.53,15.5,0.03,0.19,90977.83,140994.408
20141124,1284,600522.SH,15.67,15.86,15.56,15.79,15.53,0.26,1.67,192449.21,302762.558
20141125,1283,600522.SH,15.81,16.08,15.77,16.01,15.79,0.22,1.39,187971.04,299969.936
20141126,1282,600522.SH,16.06,16.14,15.7,15.85,16.01,-0.16,-1.0,195986.17,311597.08
20141127,1281,600522.SH,15.9,15.97,15.66,15.8,15.85,-0.05,-0.32,195156.49,308529.28
20141128,1280,600522.SH,15.79,15.84,15.52,15.65,15.8,-0.15,-0.95,200297.87,313749.941
20141201,1279,600522.SH,15.62,15.79,15.46,15.58,15.65,-0.07,-0.45,193469.88,301748.953
20141202,1278,600522.SH,15.75,16.06,15.72,15.97,15.58,0.39,2.5,326927.11,520332.505
20141203,1277,600522.SH,16.0,16.1,15.78,16.06,15.97,0.09,0.56,265122.54,422561.578
20141204,1276,600522.SH,16.1,16.28,15.91,16.21,16.06,0.15,0.93,306323.38,494346.42
20141205,1275,600522.SH,16.25,17.55,16.0,17.02,16.21,0.81,5.0,652511.86,1087631.381
20141208,1274,600522.SH,16.9,17.18,16.61,17.0,17.02,-0.02,-0.12,388238.97,656236.541
20141209,1273,600522.SH,16.89,17.28,16.03,16.07,17.0,-0.93,-5.47,448723.08,753835.682
20141210,1272,600522.SH,15.86,16.85,15.86,16.83,16.07,0.76,4.73,269773.99,442323.732
20141211,1271,600522.SH,16.88,17.13,16.52,16.75,16.83,-0.08,-0.48,240091.63,403433.774
20141212,1270,600522.SH,16.62,16.89,16.53,16.69,16.75,-0.06,-0.36,166974.1,278234.313
20141215,1269,600522.SH,16.63,17.1,16.57,17.02,16.69,0.33,1.98,206205.28,348420.949
20141216,1268,600522.SH,17.09,17.46,16.92,17.09,17.02,0.07,0.41,257157.05,441576.898
20141217,1267,600522.SH,17.03,17.08,16.5,16.63,17.09,-0.46,-2.69,224814.71,375138.737
20141218,1266,600522.SH,16.6,16.67,16.2,16.33,16.63,-0.3,-1.8,202137.76,331757.401
20141219,1265,600522.SH,16.33,16.44,15.89,16.13,16.33,-0.2,-1.22,207797.2,334990.982
20141222,1264,600522.SH,16.13,16.25,15.46,15.48,16.13,-0.65,-4.03,242191.68,382214.9
20141223,1263,600522.SH,15.6,15.84,15.46,15.54,15.48,0.06,0.39,145776.05,227694.021
20141224,1262,600522.SH,15.63,15.85,15.52,15.78,15.54,0.24,1.54,107896.83,169860.342
20141225,1261,600522.SH,15.86,15.88,15.7,15.83,15.78,0.05,0.32,101502.94,160089.811
20141226,1260,600522.SH,15.89,16.3,15.89,16.25,15.83,0.42,2.65,151548.55,244805.66
20141229,1259,600522.SH,16.26,16.31,15.61,15.78,16.25,-0.47,-2.89,169717.81,270552.37
20141230,1258,600522.SH,15.78,15.9,15.15,15.17,15.78,-0.61,-3.87,212850.4,327610.756
20141231,1257,600522.SH,15.22,15.42,15.13,15.39,15.17,0.22,1.45,106304.01,162344.149
20150105,1256,600522.SH,15.43,15.7,15.2,15.65,15.39,0.26,1.69,153394.08,237407.727
20150106,1255,600522.SH,15.54,16.05,15.4,16.02,15.65,0.37,2.36,177494.38,279538.261
20150107,1254,600522.SH,15.95,15.95,15.51,15.68,16.02,-0.34,-2.12,126071.49,198348.1
20150108,1253,600522.SH,15.68,16.3,15.61,16.29,15.68,0.61,3.89,288914.33,463709.372
20150109,1252,600522.SH,16.3,16.48,15.9,15.94,16.29,-0.35,-2.15,223963.75,362116.71
20150112,1251,600522.SH,15.8,15.8,15.41,15.49,15.94,-0.45,-2.82,132091.57,205631.771
20150113,1250,600522.SH,15.5,16.47,15.4,15.94,15.49,0.45,2.91,147171.22,234069.297
20150114,1249,600522.SH,15.92,16.03,15.6,15.7,15.94,-0.24,-1.51,99722.89,157492.345
20150115,1248,600522.SH,15.67,16.0,15.66,15.98,15.7,0.28,1.78,109213.54,173751.568
20150116,1247,600522.SH,16.02,16.25,15.92,16.2,15.98,0.22,1.38,174862.43,281306.382
20150119,1246,600522.SH,15.8,16.24,15.33,15.54,16.2,-0.66,-4.07,214327.99,339558.96
20150120,1245,600522.SH,15.73,16.32,15.58,16.29,15.54,0.75,4.83,220343.0,353081.058
20150121,1244,600522.SH,16.32,16.66,16.22,16.61,16.29,0.32,1.96,289488.44,477259.795
20150122,1243,600522.SH,16.62,16.82,16.36,16.61,16.61,0.0,0.0,191045.06,316433.293
20150123,1242,600522.SH,16.62,16.88,16.42,16.75,16.61,0.14,0.84,213481.66,355635.44
20150126,1241,600522.SH,16.73,17.1,16.73,16.91,16.75,0.16,0.96,202453.09,342907.2
20150127,1240,600522.SH,16.88,17.26,16.55,17.04,16.91,0.13,0.77,246982.49,419064.827
20150128,1239,600522.SH,17.0,17.36,16.81,16.9,17.04,-0.14,-0.82,249965.4,428326.229
20150129,1238,600522.SH,16.7,17.03,16.63,16.76,16.9,-0.14,-0.83,146282.65,246141.36
20150130,1237,600522.SH,16.76,17.5,16.76,17.14,16.76,0.38,2.27,296695.61,511698.938
20150202,1236,600522.SH,17.02,17.93,16.9,17.68,17.14,0.54,3.15,347675.23,609457.521
20150203,1235,600522.SH,17.68,17.91,17.52,17.78,17.68,0.1,0.57,236128.19,418080.018
20150204,1234,600522.SH,18.0,18.14,17.56,17.66,17.78,-0.12,-0.67,238377.34,424364.046
20150205,1233,600522.SH,17.85,18.71,17.73,18.34,17.66,0.68,3.85,425816.94,779383.358
20150206,1232,600522.SH,18.3,18.45,18.08,18.14,18.34,-0.2,-1.09,251082.4,458225.236
20150209,1231,600522.SH,18.08,18.14,17.25,17.34,18.14,-0.8,-4.41,231120.6,408339.783
20150210,1230,600522.SH,17.35,17.64,17.19,17.62,17.34,0.28,1.61,130594.13,227125.572
20150211,1229,600522.SH,17.64,18.02,17.51,17.99,17.62,0.37,2.1,122696.63,217984.86
20150212,1228,600522.SH,18.1,18.18,17.8,17.97,17.99,-0.02,-0.11,104309.8,187473.694
20150213,1227,600522.SH,17.99,18.26,17.65,17.7,17.97,-0.27,-1.5,199415.42,358268.751
20150216,1226,600522.SH,17.7,18.26,17.43,18.24,17.7,0.54,3.05,253587.38,453603.903
20150217,1225,600522.SH,18.26,18.45,18.11,18.28,18.24,0.04,0.22,184565.05,337294.573
20150225,1224,600522.SH,18.28,19.19,18.09,18.9,18.28,0.62,3.39,281185.69,525681.878
20150226,1223,600522.SH,18.8,18.98,18.65,18.72,18.9,-0.18,-0.95,157841.64,296270.045
20150227,1222,600522.SH,18.77,19.24,18.69,18.9,18.72,0.18,0.96,215600.72,408407.963
20150302,1221,600522.SH,18.9,19.7,18.85,19.45,18.9,0.55,2.91,232589.56,449469.742
20150303,1220,600522.SH,19.34,19.48,18.63,18.72,19.45,-0.73,-3.75,294571.2,560469.707
20150304,1219,600522.SH,18.8,19.0,18.62,18.95,18.72,0.23,1.23,171684.51,323557.937
20150305,1218,600522.SH,19.19,19.19,18.6,18.71,18.95,-0.24,-1.27,185945.06,350985.102
20150306,1217,600522.SH,18.71,18.88,18.12,18.19,18.71,-0.52,-2.78,218397.39,401337.47
20150525,1216,600522.SH,20.01,20.01,20.01,20.01,18.19,1.82,10.01,2534.67,5071.875
20150526,1215,600522.SH,22.01,22.01,22.01,22.01,20.01,2.0,10.0,2501.07,5504.855
20150527,1214,600522.SH,24.21,24.21,24.21,24.21,22.01,2.2,10.0,1463.63,3543.448
20150528,1213,600522.SH,26.63,26.63,26.63,26.63,24.21,2.42,10.0,7148.54,19036.562
20150529,1212,600522.SH,29.29,29.29,28.32,29.29,26.63,2.66,9.99,579188.44,1692208.564
20150601,1211,600522.SH,32.0,32.22,30.47,32.22,29.29,2.93,10.0,391431.86,1243597.063
20150602,1210,600522.SH,34.5,35.4,31.72,32.41,32.22,0.19,0.59,982120.24,3272103.153
20150603,1209,600522.SH,33.05,34.88,32.41,34.5,32.41,2.09,6.45,690622.48,2318672.715
20150604,1208,600522.SH,33.79,33.79,31.51,32.62,34.5,-1.88,-5.45,488985.04,1596798.926
20150605,1207,600522.SH,33.1,33.59,31.8,32.55,32.62,-0.07,-0.21,428960.19,1405027.086
20150608,1206,600522.SH,32.29,32.29,30.71,31.05,32.55,-1.5,-4.61,384923.83,1203239.846
20150609,1205,600522.SH,30.98,32.39,30.9,31.95,31.05,0.9,2.9,283514.09,902353.166
20150610,1204,600522.SH,31.5,31.87,31.0,31.57,31.95,-0.38,-1.19,306193.76,963796.243
20150611,1203,600522.SH,31.58,32.55,31.48,31.83,31.57,0.26,0.82,287521.9,917104.075
20150612,1202,600522.SH,32.0,33.69,31.58,32.83,31.72,1.11,3.5,434399.97,1418213.997
20150615,1201,600522.SH,32.99,33.54,31.88,31.98,32.83,-0.85,-2.59,312517.88,1025551.044
20150616,1200,600522.SH,31.08,31.5,28.78,29.01,31.98,-2.97,-9.29,387983.1,1160354.97
20150617,1199,600522.SH,29.01,29.8,27.89,29.42,29.01,0.41,1.41,261326.26,754429.947
20150618,1198,600522.SH,29.39,29.65,28.51,28.59,29.42,-0.83,-2.82,197833.61,575024.031
20150619,1197,600522.SH,27.66,28.87,25.73,26.16,28.59,-2.43,-8.5,217738.83,592141.548
20150623,1196,600522.SH,25.9,26.6,24.0,25.93,26.16,-0.23,-0.88,218528.62,558490.759
20150624,1195,600522.SH,26.28,27.04,26.11,26.88,25.93,0.95,3.66,231552.53,618090.918
20150625,1194,600522.SH,27.02,27.39,25.23,25.51,26.88,-1.37,-5.1,275921.43,734298.162
20150626,1193,600522.SH,24.5,24.96,22.96,22.96,25.51,-2.55,-10.0,277125.62,658503.156
20150629,1192,600522.SH,23.8,23.85,20.66,20.66,22.96,-2.3,-10.02,382297.51,833499.322
20150630,1191,600522.SH,21.0,22.73,19.91,22.73,20.66,2.07,10.02,473412.09,1021374.894
20150701,1190,600522.SH,22.8,24.9,22.51,22.93,22.73,0.2,0.88,609291.55,1445857.303
20150702,1189,600522.SH,23.7,24.0,22.0,22.5,22.93,-0.43,-1.88,447943.5,1042809.581
20150703,1188,600522.SH,22.26,24.0,20.25,22.64,22.5,0.14,0.62,494442.31,1094663.018
20150706,1187,600522.SH,24.9,24.9,21.67,24.11,22.64,1.47,6.49,564643.7,1340232.161
20150707,1186,600522.SH,23.11,24.0,21.7,21.7,24.11,-2.41,-10.0,366838.39,817420.293
20150708,1185,600522.SH,19.53,20.82,19.53,19.53,21.7,-2.17,-10.0,1105400.58,2184793.548
20150713,1184,600522.SH,21.48,21.48,21.48,21.48,19.53,1.95,9.98,5716.38,12278.784
20150714,1183,600522.SH,23.63,23.63,23.63,23.63,21.48,2.15,10.01,8560.05,20227.398
20150715,1182,600522.SH,25.99,25.99,22.03,23.02,23.63,-0.61,-2.58,600090.17,1447646.209
20150716,1181,600522.SH,23.02,24.5,22.1,23.97,23.02,0.95,4.13,386616.83,912123.864
20150717,1180,600522.SH,24.1,25.75,23.97,25.27,23.97,1.3,5.42,459036.74,1142006.08
20150720,1179,600522.SH,25.45,26.28,24.78,25.26,25.27,-0.01,-0.04,404907.65,1029535.254
20150721,1178,600522.SH,24.79,25.5,24.52,25.11,25.26,-0.15,-0.59,267199.99,668236.17
20150722,1177,600522.SH,25.2,25.7,24.58,25.3,25.11,0.19,0.76,254842.81,642921.485
20150723,1176,600522.SH,25.44,25.97,24.82,25.79,25.3,0.49,1.94,357860.89,909741.603
20150724,1175,600522.SH,25.7,27.55,25.69,26.8,25.79,1.01,3.92,510208.69,1363626.689
20150727,1174,600522.SH,26.15,26.98,24.12,24.12,26.8,-2.68,-10.0,481362.1,1228287.715
20150728,1173,600522.SH,23.63,24.38,21.81,23.72,24.12,-0.4,-1.66,402285.04,933758.729
20150729,1172,600522.SH,24.18,24.69,22.35,24.67,23.72,0.95,4.01,270418.96,638544.384
20150730,1171,600522.SH,24.49,25.65,23.93,24.07,24.67,-0.6,-2.43,303146.21,750504.151
20150731,1170,600522.SH,23.66,25.25,23.65,25.15,24.07,1.08,4.49,324112.18,802654.11
20150803,1169,600522.SH,24.83,25.49,24.39,25.22,25.15,0.07,0.28,252125.81,625446.61
20150804,1168,600522.SH,25.4,27.7,25.25,27.45,25.22,2.23,8.84,370461.19,980116.667
20150805,1167,600522.SH,27.09,27.37,26.02,26.32,27.45,-1.13,-4.12,264733.44,707348.456
20150806,1166,600522.SH,25.78,27.24,25.5,26.52,26.32,0.2,0.76,199349.9,530769.178
20150807,1165,600522.SH,26.88,27.5,26.55,26.98,26.52,0.46,1.73,215414.03,580209.919
20150810,1164,600522.SH,27.0,28.18,26.7,27.89,26.98,0.91,3.37,338395.04,929802.108
20150811,1163,600522.SH,27.5,27.88,26.0,26.34,27.89,-1.55,-5.56,582484.25,1558223.189
20150812,1162,600522.SH,25.7,26.22,25.5,25.56,26.34,-0.78,-2.96,248249.57,642054.907
20150813,1161,600522.SH,25.48,26.5,25.48,26.46,25.56,0.9,3.52,174722.56,455467.541
20150814,1160,600522.SH,26.55,26.84,25.9,26.26,26.46,-0.2,-0.76,216529.74,572766.65
20150817,1159,600522.SH,26.0,26.2,25.38,26.0,26.26,-0.26,-0.99,162884.22,419472.656
20150818,1158,600522.SH,26.18,26.25,23.4,23.4,26.0,-2.6,-10.0,247706.09,609921.981
20150819,1157,600522.SH,22.99,23.83,21.36,23.54,23.4,0.14,0.6,231564.91,526330.454
20150820,1156,600522.SH,23.7,24.25,22.82,22.87,23.54,-0.67,-2.85,190805.16,451419.957
20150821,1155,600522.SH,22.5,23.19,21.65,22.07,22.87,-0.8,-3.5,153912.96,346215.569
20150824,1154,600522.SH,20.88,21.24,19.86,19.86,22.07,-2.21,-10.01,325924.74,652328.682
20150825,1153,600522.SH,18.59,19.95,17.87,17.87,19.86,-1.99,-10.02,322650.88,595504.759
20150826,1152,600522.SH,18.5,19.01,17.55,17.82,17.87,-0.05,-0.28,245460.08,450211.963
20150827,1151,600522.SH,18.48,18.97,17.82,18.58,17.82,0.76,4.26,169711.37,311700.749
20150828,1150,600522.SH,19.06,19.78,18.58,19.74,18.58,1.16,6.24,290833.03,554141.816
20150831,1149,600522.SH,19.3,19.52,18.19,18.23,19.74,-1.51,-7.65,206485.87,387228.694
20150901,1148,600522.SH,18.1,18.11,16.41,16.41,18.23,-1.82,-9.98,215402.87,362475.031
20150902,1147,600522.SH,15.45,16.83,15.3,16.36,16.41,-0.05,-0.3,205067.38,330314.993
20150907,1146,600522.SH,16.74,17.55,16.73,16.78,16.36,0.42,2.57,143681.36,246211.825
20150908,1145,600522.SH,16.79,17.78,16.5,17.69,16.78,0.91,5.42,126888.32,217941.68
20150909,1144,600522.SH,17.89,18.5,17.61,18.37,17.69,0.68,3.84,192622.05,349119.746
20150910,1143,600522.SH,18.0,18.24,17.7,17.71,18.37,-0.66,-3.59,98432.09,176954.719
20150911,1142,600522.SH,17.68,18.04,17.4,17.85,17.71,0.14,0.79,72508.65,128842.333
20150914,1141,600522.SH,17.89,18.05,16.07,16.07,17.85,-1.78,-9.97,121491.11,202868.661
20150915,1140,600522.SH,15.6,16.0,14.57,14.67,16.07,-1.4,-8.71,134244.63,205546.145
20150916,1139,600522.SH,14.89,16.14,14.78,16.03,14.67,1.36,9.27,136919.65,210992.931
20150917,1138,600522.SH,15.9,16.6,15.3,15.6,16.03,-0.43,-2.68,150046.57,241176.045
20150918,1137,600522.SH,15.7,15.99,15.36,15.76,15.6,0.16,1.03,83937.64,132184.035
20150921,1136,600522.SH,15.77,16.49,15.52,16.4,15.76,0.64,4.06,118398.79,190632.149
20150922,1135,600522.SH,16.48,16.6,16.02,16.4,16.4,0.0,0.0,133309.04,218825.005
20150930,1134,600522.SH,16.75,16.98,16.13,16.26,16.4,-0.14,-0.85,162861.03,268690.634
20151008,1133,600522.SH,16.79,17.89,16.6,17.89,16.26,1.63,10.02,290619.21,499811.485
20151009,1132,600522.SH,18.0,18.18,17.68,17.9,17.89,0.01,0.06,385922.09,694377.429
20151012,1131,600522.SH,17.95,19.0,17.69,18.43,17.9,0.53,2.96,426784.69,783887.438
20151013,1130,600522.SH,18.3,18.55,18.02,18.51,18.43,0.08,0.43,236630.98,432414.266
20151014,1129,600522.SH,18.38,19.49,18.1,18.77,18.51,0.26,1.4,374617.57,701488.057
20151015,1128,600522.SH,19.2,19.47,19.1,19.33,18.77,0.56,2.98,362066.99,697595.884
20151016,1127,600522.SH,19.39,19.39,18.79,19.18,19.33,-0.15,-0.78,398216.88,761440.839
20151019,1126,600522.SH,19.22,19.28,18.6,18.75,19.18,-0.43,-2.24,255897.04,484301.366
20151020,1125,600522.SH,18.75,19.58,18.7,19.41,18.75,0.66,3.52,287416.25,552382.727
20151021,1124,600522.SH,19.81,20.8,18.3,18.39,19.41,-1.02,-5.26,505413.61,997097.643
20151022,1123,600522.SH,18.68,19.44,18.5,19.29,18.39,0.9,4.89,301373.55,572633.926
20151023,1122,600522.SH,19.49,19.71,18.99,19.55,19.29,0.26,1.35,328613.67,634450.568
20151026,1121,600522.SH,19.83,20.18,19.31,19.78,19.55,0.23,1.18,291068.54,574136.283
20151027,1120,600522.SH,20.02,20.48,19.08,20.26,19.78,0.48,2.43,368962.31,735467.47
20151028,1119,600522.SH,20.18,20.4,19.38,19.51,20.26,-0.75,-3.7,237292.18,473626.885
20151029,1118,600522.SH,20.36,20.53,19.91,20.03,19.51,0.52,2.67,327681.19,662131.671
20151030,1117,600522.SH,19.88,20.29,19.58,19.99,20.03,-0.04,-0.2,234382.32,468704.634
20151102,1116,600522.SH,19.76,20.34,19.31,19.44,19.99,-0.55,-2.75,215667.35,429687.796
20151103,1115,600522.SH,19.35,19.8,19.0,19.26,19.44,-0.18,-0.93,152763.5,294481.98
20151104,1114,600522.SH,19.64,20.43,19.64,20.39,19.26,1.13,5.87,293397.5,589600.313
20151105,1113,600522.SH,20.48,21.26,20.33,20.61,20.39,0.22,1.08,353511.63,734159.934
20151106,1112,600522.SH,20.74,21.39,20.6,21.21,20.61,0.6,2.91,289110.7,609647.046
20151109,1111,600522.SH,21.06,21.4,20.78,21.13,21.21,-0.08,-0.38,390608.63,823386.789
20151110,1110,600522.SH,21.16,21.53,20.78,21.1,21.13,-0.03,-0.14,371444.59,786163.541
20151111,1109,600522.SH,21.02,21.59,20.97,21.58,21.1,0.48,2.27,334546.14,713194.573
20151112,1108,600522.SH,21.7,22.47,21.42,22.1,21.58,0.52,2.41,402773.68,884285.296
20151113,1107,600522.SH,21.8,23.08,21.66,22.52,22.1,0.42,1.9,502929.5,1126493.751
20151116,1106,600522.SH,22.0,22.65,22.0,22.61,22.52,0.09,0.4,266272.05,593104.095
20151117,1105,600522.SH,23.05,23.16,22.12,22.89,22.61,0.28,1.24,336514.74,761368.278
20151118,1104,600522.SH,22.78,23.49,22.68,22.9,22.89,0.01,0.04,385109.83,890544.534
20151119,1103,600522.SH,22.95,23.12,22.63,23.1,22.9,0.2,0.87,312513.98,715835.638
20151120,1102,600522.SH,23.14,23.66,22.82,22.99,23.1,-0.11,-0.48,290076.58,675450.972
20151123,1101,600522.SH,22.83,22.94,22.24,22.39,22.99,-0.6,-2.61,259123.9,585993.333
20151124,1100,600522.SH,22.65,23.0,22.35,22.68,22.39,0.29,1.3,152791.01,346194.055
20151125,1099,600522.SH,22.7,22.99,22.48,22.94,22.68,0.26,1.15,191376.72,434976.653
20151126,1098,600522.SH,24.2,24.5,23.18,23.34,22.94,0.4,1.74,609757.05,1455285.321
20151127,1097,600522.SH,23.01,23.88,21.9,22.26,23.34,-1.08,-4.63,358315.66,824363.239
20151130,1096,600522.SH,22.42,23.96,22.16,23.9,22.26,1.64,7.37,396766.8,910928.117
20151201,1095,600522.SH,23.65,23.98,23.25,23.7,23.9,-0.2,-0.84,254368.18,600094.695
20151202,1094,600522.SH,23.61,24.19,22.68,23.4,23.7,-0.3,-1.27,228802.98,539288.04
20151203,1093,600522.SH,23.48,23.92,23.05,23.8,23.4,0.4,1.71,223936.15,529353.211
20151204,1092,600522.SH,23.68,23.9,22.92,23.01,23.8,-0.79,-3.32,235167.12,548956.962
20151207,1091,600522.SH,23.09,23.15,22.48,22.7,23.01,-0.31,-1.35,238717.71,541930.743
20151208,1090,600522.SH,22.51,22.53,21.5,21.58,22.7,-1.12,-4.93,240102.82,528862.49
20151209,1089,600522.SH,21.83,22.25,21.7,21.96,21.58,0.38,1.76,179598.96,394678.449
20151210,1088,600522.SH,22.09,22.09,21.62,21.69,21.96,-0.27,-1.23,125550.97,274246.117
20151211,1087,600522.SH,21.76,23.12,21.63,22.89,21.69,1.2,5.53,353863.49,799069.585
20151214,1086,600522.SH,23.73,23.99,22.68,23.3,22.89,0.41,1.79,290334.66,675902.939
20151215,1085,600522.SH,23.1,24.98,22.95,24.59,23.3,1.29,5.54,547226.37,1330399.381
20151216,1084,600522.SH,24.2,24.96,24.1,24.29,24.59,-0.3,-1.22,400008.89,978676.485
20151217,1083,600522.SH,24.53,25.35,24.33,24.93,24.29,0.64,2.63,505997.58,1258527.026
20151218,1082,600522.SH,24.8,24.85,24.06,24.32,24.93,-0.61,-2.45,326585.55,798528.708
20151221,1081,600522.SH,24.46,24.97,24.1,24.38,24.32,0.06,0.25,284836.16,701127.498
20151222,1080,600522.SH,24.25,24.67,23.94,24.55,24.38,0.17,0.7,254562.82,617900.379
20151223,1079,600522.SH,24.4,24.54,23.74,23.79,24.55,-0.76,-3.1,269475.56,651755.515
20151224,1078,600522.SH,23.73,24.32,23.62,24.3,23.79,0.51,2.14,195693.57,468619.576
20151225,1077,600522.SH,24.45,24.55,23.85,24.01,24.3,-0.29,-1.19,226607.45,546337.376
20151228,1076,600522.SH,24.06,24.08,23.01,23.03,24.01,-0.98,-4.08,274891.15,649710.449
20151229,1075,600522.SH,23.09,23.29,22.67,23.24,23.03,0.21,0.91,171792.87,393856.933
20151230,1074,600522.SH,23.27,23.96,23.19,23.67,23.24,0.43,1.85,195738.7,462810.745
20151231,1073,600522.SH,23.66,23.68,22.83,22.9,23.67,-0.77,-3.25,200725.55,465146.569
20160104,1072,600522.SH,22.95,23.11,20.71,21.05,22.9,-1.85,-8.08,186538.58,412570.136
20160105,1071,600522.SH,20.33,22.06,20.11,21.62,21.05,0.57,2.71,330201.05,707023.706
20160106,1070,600522.SH,21.64,22.28,21.21,22.06,21.62,0.44,2.04,230962.7,504369.628
20160107,1069,600522.SH,21.54,21.68,19.85,19.85,22.06,-2.21,-10.02,96912.02,197742.989
20160108,1068,600522.SH,20.62,20.76,19.2,20.01,19.85,0.16,0.81,227410.48,457800.211
20160111,1067,600522.SH,19.6,19.84,18.01,18.01,20.01,-2.0,-10.0,239401.6,452124.108
20160112,1066,600522.SH,17.93,18.34,17.35,18.13,18.01,0.12,0.67,193545.81,349156.727
20160113,1065,600522.SH,18.3,18.3,16.7,16.74,18.13,-1.39,-7.67,199415.81,352109.666
20160114,1064,600522.SH,16.02,17.35,16.01,17.28,16.74,0.54,3.23,224256.72,376935.772
20160115,1063,600522.SH,17.2,17.29,16.12,16.41,17.28,-0.87,-5.03,205581.48,343399.229
20160118,1062,600522.SH,16.0,17.09,15.9,16.66,16.41,0.25,1.52,161395.89,269581.566
20160119,1061,600522.SH,16.72,17.63,16.67,17.54,16.66,0.88,5.28,216038.6,371731.191
20160120,1060,600522.SH,17.41,17.75,17.1,17.25,17.54,-0.29,-1.65,202022.54,351482.166
20160121,1059,600522.SH,16.99,17.49,16.38,16.41,17.25,-0.84,-4.87,175991.33,298940.856
20160122,1058,600522.SH,16.72,16.98,16.22,16.82,16.41,0.41,2.5,126371.93,210521.461
20160125,1057,600522.SH,17.05,17.56,17.05,17.54,16.82,0.72,4.28,198736.52,344721.482
20160126,1056,600522.SH,17.3,17.32,16.0,16.29,17.54,-1.25,-7.13,192779.43,323818.979
20160127,1055,600522.SH,16.4,16.48,15.34,16.16,16.29,-0.13,-0.8,231580.56,366927.913
20160128,1054,600522.SH,15.87,16.13,15.2,15.25,16.16,-0.91,-5.63,141489.48,222328.582
20160129,1053,600522.SH,15.3,16.09,15.11,15.86,15.25,0.61,4.0,159526.55,250195.333
20160201,1052,600522.SH,16.03,16.32,15.41,15.68,15.86,-0.18,-1.13,200973.87,320306.21
20160202,1051,600522.SH,15.85,16.49,15.76,16.34,15.68,0.66,4.21,176199.3,285498.133
20160203,1050,600522.SH,16.18,16.42,15.87,16.34,16.34,0.0,0.0,150996.88,243249.112
20160204,1049,600522.SH,16.43,16.82,16.35,16.7,16.34,0.36,2.2,190555.51,315734.123
20160205,1048,600522.SH,16.69,16.85,16.4,16.45,16.7,-0.25,-1.5,122119.41,203129.601
20160215,1047,600522.SH,15.82,16.36,15.8,16.19,16.45,-0.26,-1.58,106246.55,170944.766
20160216,1046,600522.SH,16.25,17.17,16.25,17.0,16.19,0.81,5.0,201957.15,339534.279
20160217,1045,600522.SH,17.36,17.78,17.22,17.46,17.0,0.46,2.71,288177.81,504045.122
20160218,1044,600522.SH,17.6,17.7,17.21,17.25,17.46,-0.21,-1.2,213393.26,371895.897
20160219,1043,600522.SH,17.2,17.54,17.11,17.41,17.25,0.16,0.93,160212.23,277468.906
20160222,1042,600522.SH,17.68,17.93,17.42,17.89,17.41,0.48,2.76,211569.39,373825.56
20160223,1041,600522.SH,17.88,17.88,17.32,17.57,17.89,-0.32,-1.79,167930.15,295095.403
20160224,1040,600522.SH,17.42,17.65,17.19,17.57,17.57,0.0,0.0,166070.92,289354.487
20160225,1039,600522.SH,17.63,17.75,15.82,15.97,17.57,-1.6,-9.11,259789.18,439015.862
20160226,1038,600522.SH,16.15,16.6,15.86,16.35,15.97,0.38,2.38,205801.94,334275.563
20160229,1037,600522.SH,16.45,16.45,15.14,15.4,16.35,-0.95,-5.81,195792.7,302755.64
20160301,1036,600522.SH,15.46,15.84,15.12,15.71,15.4,0.31,2.01,145569.4,225746.181
20160302,1035,600522.SH,15.7,16.74,15.61,16.65,15.71,0.94,5.98,213019.64,345030.587
20160303,1034,600522.SH,16.68,17.46,16.58,17.02,16.65,0.37,2.22,299609.77,512877.631
20160304,1033,600522.SH,16.95,17.12,16.25,16.58,17.02,-0.44,-2.59,212970.89,356317.524
20160307,1032,600522.SH,16.83,17.8,16.83,17.76,16.58,1.18,7.12,383957.56,669721.716
20160308,1031,600522.SH,17.55,17.77,17.0,17.67,17.76,-0.09,-0.51,266012.45,463069.857
20160309,1030,600522.SH,17.28,17.42,17.03,17.08,17.67,-0.59,-3.34,175258.12,301522.527
20160310,1029,600522.SH,17.15,17.29,16.84,16.86,17.08,-0.22,-1.29,125252.08,213494.068
20160311,1028,600522.SH,16.76,17.15,16.51,17.05,16.86,0.19,1.13,109973.99,185250.573
20160314,1027,600522.SH,17.3,17.86,17.2,17.56,17.05,0.51,2.99,253946.73,448072.823
20160315,1026,600522.SH,17.41,17.65,17.2,17.55,17.56,-0.01,-0.06,170099.93,296820.568
20160316,1025,600522.SH,17.58,17.67,17.06,17.09,17.55,-0.46,-2.62,141708.15,245017.319
20160317,1024,600522.SH,17.2,17.76,17.2,17.72,17.09,0.63,3.69,218253.5,383354.238
20160318,1023,600522.SH,17.82,18.39,17.79,18.25,17.72,0.53,2.99,289195.02,525665.519
20160321,1022,600522.SH,18.47,18.85,18.32,18.55,18.25,0.3,1.64,268125.59,497395.023
20160322,1021,600522.SH,18.41,18.74,18.29,18.46,18.55,-0.09,-0.49,185568.3,343504.244
20160323,1020,600522.SH,18.4,18.95,18.35,18.72,18.46,0.26,1.41,186830.04,348755.19
20160324,1019,600522.SH,18.51,18.51,18.11,18.15,18.72,-0.57,-3.04,201410.23,369217.507
20160325,1018,600522.SH,18.2,18.34,18.08,18.31,18.15,0.16,0.88,115162.05,209897.101
20160328,1017,600522.SH,18.46,18.7,18.17,18.26,18.31,-0.05,-0.27,139774.66,258516.11
20160329,1016,600522.SH,18.26,18.35,17.68,17.78,18.26,-0.48,-2.63,133604.21,239071.841
20160330,1015,600522.SH,18.02,18.54,17.9,18.52,17.78,0.74,4.16,151724.64,276299.229
20160331,1014,600522.SH,18.76,18.79,18.41,18.59,18.52,0.07,0.38,152539.65,284034.197
20160401,1013,600522.SH,18.56,18.64,18.01,18.48,18.59,-0.11,-0.59,129685.49,237864.455
20160405,1012,600522.SH,18.4,19.18,18.36,19.11,18.48,0.63,3.41,247851.52,469165.738
20160406,1011,600522.SH,19.0,19.23,18.88,19.12,19.11,0.01,0.05,153032.18,291626.205
20160407,1010,600522.SH,19.18,19.43,18.75,19.1,19.12,-0.02,-0.1,217648.83,415867.569
20160425,1009,600522.SH,20.75,20.75,19.0,19.14,19.1,0.04,0.21,479955.21,945587.261
20160426,1008,600522.SH,19.14,20.47,18.84,20.29,19.14,1.15,6.01,338688.8,668269.655
20160427,1007,600522.SH,20.38,22.0,20.09,21.19,20.29,0.9,4.44,443977.95,940998.64
20160428,1006,600522.SH,21.0,21.88,20.61,21.71,21.19,0.52,2.45,327532.61,695681.736
20160429,1005,600522.SH,21.62,21.76,21.28,21.47,21.71,-0.24,-1.11,215409.1,464432.526
20160503,1004,600522.SH,21.56,22.12,21.43,21.88,21.47,0.41,1.91,336108.11,734850.384
20160504,1003,600522.SH,21.81,21.85,21.52,21.64,21.88,-0.24,-1.1,184691.19,400100.788
20160505,1002,600522.SH,21.51,21.57,21.29,21.51,21.64,-0.13,-0.6,209323.01,448264.684
20160506,1001,600522.SH,21.7,22.1,21.02,21.06,21.51,-0.45,-2.09,328649.49,710900.099
20160509,1000,600522.SH,21.0,21.21,20.06,20.24,21.06,-0.82,-3.89,230070.15,472262.236
20160510,999,600522.SH,20.24,20.56,20.1,20.37,20.24,0.13,0.64,135943.43,276117.122
20160511,998,600522.SH,20.54,20.63,20.06,20.26,20.37,-0.11,-0.54,148644.93,302233.38
20160512,997,600522.SH,19.91,20.96,19.72,20.79,20.26,0.53,2.62,210374.2,429810.409
20160513,996,600522.SH,20.66,21.6,20.6,21.41,20.79,0.62,2.98,284393.37,604968.879
20160516,995,600522.SH,21.31,21.74,21.04,21.66,21.41,0.25,1.17,231330.84,496012.113
20160517,994,600522.SH,21.8,21.8,21.18,21.3,21.66,-0.36,-1.66,189195.04,405248.019
20160518,993,600522.SH,21.2,21.2,20.1,20.55,21.3,-0.75,-3.52,211740.09,436505.521
20160519,992,600522.SH,20.59,21.22,20.5,20.6,20.55,0.05,0.24,171391.15,358026.225
20160520,991,600522.SH,20.3,20.79,20.2,20.73,20.6,0.13,0.63,125514.83,258498.886
20160523,990,600522.SH,20.81,21.68,20.8,21.64,20.73,0.91,4.39,252756.64,541145.688
20160524,989,600522.SH,21.53,21.57,21.13,21.41,21.64,-0.23,-1.06,159928.07,341532.374
20160525,988,600522.SH,21.68,22.09,21.3,21.33,21.41,-0.08,-0.37,253548.98,550604.565
20160526,987,600522.SH,21.37,21.64,20.7,21.62,21.33,0.29,1.36,198127.56,419296.199
20160527,986,600522.SH,21.58,21.64,21.22,21.36,21.62,-0.26,-1.2,139908.04,300103.546
20160530,985,600522.SH,21.5,22.39,21.42,21.96,21.36,0.6,2.81,360548.12,793328.446
20160531,984,600522.SH,21.85,22.73,21.8,22.71,21.96,0.75,3.42,474386.84,1061929.093
20160601,983,600522.SH,22.71,22.82,22.39,22.65,22.71,-0.06,-0.26,361271.86,817777.756
20160602,982,600522.SH,22.69,22.78,22.46,22.71,22.65,0.06,0.26,243210.7,550641.881
20160603,981,600522.SH,22.72,23.28,22.63,22.95,22.71,0.24,1.06,297380.13,685628.666
20160606,980,600522.SH,22.99,23.64,22.92,23.1,22.95,0.15,0.65,251607.79,585671.996
20160607,979,600522.SH,23.2,23.22,22.88,23.16,23.1,0.06,0.26,172088.32,396368.118
20160608,978,600522.SH,23.04,23.26,22.63,22.99,23.16,-0.17,-0.73,219333.03,502495.805
20160613,977,600522.SH,22.6,23.51,22.0,22.02,22.99,-0.97,-4.22,306650.05,701888.496
20160614,976,600522.SH,21.98,22.4,21.91,22.37,22.02,0.35,1.59,181111.19,402028.081
20160615,975,600522.SH,22.09,24.08,22.01,23.76,22.37,1.39,6.21,412944.31,963177.172
20160616,974,600522.SH,23.75,23.99,23.45,23.59,23.76,-0.17,-0.72,237941.27,565023.43
20160617,973,600522.SH,23.61,24.1,23.61,23.9,23.59,0.31,1.31,249654.92,596539.814
20160620,972,600522.SH,24.26,24.27,23.71,23.86,23.9,-0.04,-0.17,243379.39,581913.841
20160621,971,600522.SH,24.02,24.19,23.2,23.32,23.86,-0.54,-2.26,270977.59,640720.389
20160622,970,600522.SH,23.57,23.75,22.85,23.62,23.32,0.3,1.29,278495.2,650029.028
20160623,969,600522.SH,23.59,24.77,23.43,24.48,23.62,0.86,3.64,435627.95,1054418.33
20160624,968,600522.SH,24.3,24.65,23.2,23.93,24.48,-0.55,-2.25,327606.12,786804.461
20160627,967,600522.SH,23.87,24.94,23.86,24.8,23.93,0.87,3.64,283366.23,697639.645
20160628,966,600522.SH,24.68,24.97,24.43,24.76,24.8,-0.04,-0.16,267965.24,662905.841
20160629,965,600522.SH,24.82,24.86,24.33,24.37,24.76,-0.39,-1.58,261511.66,641126.332
20160630,964,600522.SH,9.8,10.24,9.76,9.8,9.71,0.09,0.93,550443.41,547916.999
20160701,963,600522.SH,9.62,9.68,9.43,9.49,9.8,-0.31,-3.16,700784.15,669085.857
20160704,962,600522.SH,9.35,9.69,9.28,9.61,9.49,0.12,1.26,495399.05,474304.244
20160705,961,600522.SH,9.64,9.68,9.54,9.58,9.61,-0.03,-0.31,394763.53,378957.092
20160706,960,600522.SH,9.53,9.69,9.49,9.56,9.58,-0.02,-0.21,350737.77,336190.778
20160707,959,600522.SH,9.51,9.54,9.32,9.41,9.56,-0.15,-1.57,530556.84,498915.21
20160708,958,600522.SH,9.48,9.92,9.42,9.79,9.41,0.38,4.04,914746.64,892334.591
20160711,957,600522.SH,9.83,9.88,9.7,9.76,9.79,-0.03,-0.31,572813.6,559874.24
20160712,956,600522.SH,9.8,9.81,9.51,9.77,9.76,0.01,0.1,508125.15,492347.665
20160713,955,600522.SH,9.81,9.86,9.72,9.79,9.77,0.02,0.2,394616.88,385924.647
20160714,954,600522.SH,9.79,10.27,9.73,10.2,9.79,0.41,4.19,1122840.05,1136632.054
20160715,953,600522.SH,10.2,11.21,10.12,10.97,10.2,0.77,7.55,1560349.52,1655587.399
20160718,952,600522.SH,11.0,11.73,10.99,11.32,10.97,0.35,3.19,1669646.5,1904917.331
20160719,951,600522.SH,11.3,11.5,11.06,11.38,11.32,0.06,0.53,1144028.01,1292344.757
20160720,950,600522.SH,11.3,11.44,11.17,11.25,11.38,-0.13,-1.14,689564.96,777154.002
20160721,949,600522.SH,11.26,12.38,11.26,12.37,11.25,1.12,9.96,2737746.75,3336756.115
20160722,948,600522.SH,12.21,12.34,11.9,12.22,12.37,-0.15,-1.21,1910601.06,2315677.573
20160725,947,600522.SH,12.26,12.56,11.9,12.08,12.22,-0.14,-1.15,1534668.63,1867589.127
20160726,946,600522.SH,12.04,12.38,11.81,12.15,12.08,0.07,0.58,1096049.6,1330983.646
20160727,945,600522.SH,12.02,12.25,11.13,11.36,12.15,-0.79,-6.5,1458961.74,1703724.668
20160728,944,600522.SH,11.35,11.81,11.16,11.68,11.36,0.32,2.82,958623.1,1100250.476
20160729,943,600522.SH,11.92,11.99,11.45,11.51,11.68,-0.17,-1.46,753398.85,882590.159
20160801,942,600522.SH,11.29,11.46,10.84,11.3,11.51,-0.21,-1.82,870228.28,965937.841
20160802,941,600522.SH,11.2,12.15,11.15,12.1,11.3,0.8,7.08,1094881.13,1284158.222
20160803,940,600522.SH,12.1,12.56,11.93,12.41,12.1,0.31,2.56,1537521.58,1891335.328
20160804,939,600522.SH,12.33,12.68,12.16,12.32,12.41,-0.09,-0.73,1237184.79,1539344.606
20160805,938,600522.SH,12.23,12.35,11.96,12.0,12.32,-0.32,-2.6,1046907.06,1269720.367
20160808,937,600522.SH,11.93,12.49,11.77,12.43,12.0,0.43,3.58,1029530.84,1251340.004
20160809,936,600522.SH,12.35,12.94,12.31,12.76,12.43,0.33,2.65,1506749.74,1910672.091
20160810,935,600522.SH,12.7,13.06,12.56,12.8,12.76,0.04,0.31,1327676.89,1705257.676
20160811,934,600522.SH,12.79,13.05,12.64,12.66,12.8,-0.14,-1.09,1132418.81,1454871.138
20160812,933,600522.SH,12.64,12.78,12.36,12.59,12.66,-0.07,-0.55,1039048.86,1301864.14
20160815,932,600522.SH,12.76,13.3,12.51,13.14,12.59,0.55,4.37,1478058.45,1900242.698
20160816,931,600522.SH,13.01,13.03,12.65,12.66,13.14,-0.48,-3.65,1653431.47,2116826.391
20160817,930,600522.SH,12.64,12.87,12.53,12.74,12.66,0.08,0.63,728218.6,927765.79
20160818,929,600522.SH,12.75,13.05,12.65,12.74,12.74,0.0,0.0,896027.21,1149151.305
20160819,928,600522.SH,12.78,12.78,12.38,12.43,12.74,-0.31,-2.43,857109.02,1070963.597
20160822,927,600522.SH,12.44,12.54,12.21,12.24,12.43,-0.19,-1.53,521999.85,645205.148
20160823,926,600522.SH,12.18,12.31,12.06,12.17,12.24,-0.07,-0.57,503657.08,611710.453
20160824,925,600522.SH,12.19,12.51,12.19,12.39,12.17,0.22,1.81,569836.75,706327.209
20160825,924,600522.SH,12.31,12.32,12.06,12.21,12.39,-0.18,-1.45,499885.07,608264.421
20160826,923,600522.SH,12.27,12.57,12.22,12.28,12.21,0.07,0.57,569557.28,707310.238
20160829,922,600522.SH,12.19,12.49,12.16,12.27,12.28,-0.01,-0.08,399285.97,492292.534
20160830,921,600522.SH,12.25,12.32,12.1,12.15,12.27,-0.12,-0.98,443271.71,539433.845
20160831,920,600522.SH,12.17,12.24,12.11,12.22,12.15,0.07,0.58,355453.31,432578.718
20160901,919,600522.SH,12.22,12.37,12.11,12.17,12.22,-0.05,-0.41,501483.56,613058.942
20160902,918,600522.SH,12.17,12.23,11.73,11.78,12.17,-0.39,-3.2,728300.32,870839.657
20160905,917,600522.SH,11.74,11.95,11.66,11.7,11.78,-0.08,-0.68,432185.96,510513.04
20160906,916,600522.SH,11.74,12.15,11.43,12.1,11.7,0.4,3.42,908269.45,1074784.333
20160907,915,600522.SH,12.05,12.15,11.87,11.9,12.1,-0.2,-1.65,471401.44,565321.016
20160908,914,600522.SH,11.85,12.11,11.85,12.0,11.9,0.1,0.84,373011.98,447435.411
20160909,913,600522.SH,11.98,12.25,11.97,12.03,12.0,0.03,0.25,604642.69,733727.508
20160912,912,600522.SH,11.72,11.87,11.53,11.59,12.03,-0.44,-3.66,487808.8,570654.519
20160913,911,600522.SH,11.75,11.77,11.48,11.65,11.59,0.06,0.52,394115.57,458592.177
20160914,910,600522.SH,11.51,11.77,11.47,11.56,11.65,-0.09,-0.77,302964.61,352784.317
20160919,909,600522.SH,11.69,11.77,11.61,11.64,11.56,0.08,0.69,248692.55,290466.521
20160920,908,600522.SH,11.61,11.66,11.35,11.41,11.64,-0.23,-1.98,425529.38,487869.101
20160921,907,600522.SH,11.48,11.56,11.32,11.34,11.41,-0.07,-0.61,368958.79,420757.452
20160922,906,600522.SH,11.45,11.46,11.15,11.21,11.34,-0.13,-1.15,587796.08,663160.694
20160923,905,600522.SH,11.23,11.27,10.83,10.87,11.21,-0.34,-3.03,634024.91,696503.616
20160926,904,600522.SH,10.84,10.84,10.52,10.61,10.87,-0.26,-2.39,527198.35,561051.07
20160927,903,600522.SH,10.56,10.78,10.56,10.76,10.61,0.15,1.41,343764.26,366912.969
20160928,902,600522.SH,10.78,10.79,10.61,10.64,10.76,-0.12,-1.12,190678.76,203437.361
20160929,901,600522.SH,10.67,10.76,10.63,10.65,10.64,0.01,0.09,240419.79,257146.15
20160930,900,600522.SH,10.72,10.99,10.68,10.94,10.65,0.29,2.72,404331.3,440603.898
20161010,899,600522.SH,11.05,11.36,11.05,11.29,10.94,0.35,3.2,455433.49,512613.887
20161011,898,600522.SH,11.43,11.57,11.32,11.39,11.29,0.1,0.89,526566.05,601885.217
20161012,897,600522.SH,11.33,11.45,11.26,11.38,11.39,-0.01,-0.09,283773.02,322539.112
20161013,896,600522.SH,11.44,11.44,11.27,11.3,11.38,-0.08,-0.7,276158.88,312637.166
20161014,895,600522.SH,11.29,11.3,11.06,11.15,11.3,-0.15,-1.33,346501.16,386601.656
20161017,894,600522.SH,11.2,11.37,11.1,11.16,11.15,0.01,0.09,327559.42,368450.375
20161018,893,600522.SH,11.2,11.32,11.12,11.31,11.16,0.15,1.34,283068.22,318065.424
20161019,892,600522.SH,11.35,11.4,11.19,11.23,11.31,-0.08,-0.71,282821.54,319061.029
20161020,891,600522.SH,11.25,11.25,11.1,11.16,11.23,-0.07,-0.62,256963.28,286859.971
20161021,890,600522.SH,11.17,11.19,11.01,11.1,11.16,-0.06,-0.54,237159.34,263078.691
20161024,889,600522.SH,11.11,11.28,11.05,11.2,11.1,0.1,0.9,301792.83,337527.864
20161025,888,600522.SH,11.23,11.26,11.16,11.19,11.2,-0.01,-0.09,187952.33,210250.169
20161026,887,600522.SH,11.24,11.25,11.12,11.24,11.19,0.05,0.45,241424.14,270446.081
20161027,886,600522.SH,11.25,11.27,11.08,11.11,11.24,-0.13,-1.16,224922.66,250304.697
20161028,885,600522.SH,11.15,11.17,11.03,11.04,11.11,-0.07,-0.63,212860.94,236030.434
20161031,884,600522.SH,11.01,11.02,10.75,10.8,11.04,-0.24,-2.17,367914.45,398591.271
20161101,883,600522.SH,10.81,10.96,10.8,10.88,10.8,0.08,0.74,204348.62,222115.358
20161102,882,600522.SH,10.89,10.92,10.72,10.73,10.88,-0.15,-1.38,233835.44,252007.301
20161103,881,600522.SH,10.7,10.84,10.66,10.74,10.73,0.01,0.09,223538.29,240755.593
20161104,880,600522.SH,10.7,10.84,10.7,10.73,10.74,-0.01,-0.09,200475.9,215773.499
20161107,879,600522.SH,10.75,10.99,10.73,10.99,10.73,0.26,2.42,381396.81,415467.459
20161108,878,600522.SH,11.21,11.28,10.92,10.97,10.99,-0.02,-0.18,351171.26,389090.56
20161109,877,600522.SH,11.0,11.05,10.67,10.81,10.97,-0.16,-1.46,337385.76,365309.346
20161110,876,600522.SH,10.9,10.99,10.85,10.92,10.81,0.11,1.02,252158.69,275394.091
20161111,875,600522.SH,10.92,11.06,10.86,11.02,10.92,0.1,0.92,283924.07,311900.487
20161114,874,600522.SH,11.02,11.1,10.93,11.02,11.02,0.0,0.0,286344.34,315077.552
20161115,873,600522.SH,11.08,11.32,11.05,11.3,11.02,0.28,2.54,645094.65,724060.954
20161116,872,600522.SH,11.34,11.35,11.17,11.21,11.3,-0.09,-0.8,297375.32,333772.524
20161117,871,600522.SH,11.25,11.25,11.14,11.17,11.21,-0.04,-0.36,188977.65,211123.223
20161118,870,600522.SH,11.17,11.26,11.08,11.1,11.17,-0.07,-0.63,248046.08,276935.468
20161121,869,600522.SH,11.1,11.19,11.08,11.12,11.1,0.02,0.18,208269.62,231689.103
20161122,868,600522.SH,11.13,11.17,11.06,11.14,11.12,0.02,0.18,240392.55,266721.015
20161123,867,600522.SH,11.14,11.19,11.07,11.13,11.14,-0.01,-0.09,237305.75,263824.724
20161124,866,600522.SH,11.14,11.16,11.03,11.06,11.13,-0.07,-0.63,214655.4,238415.082
20161125,865,600522.SH,11.08,11.12,10.84,11.1,11.06,0.04,0.36,268812.74,295414.898
20161128,864,600522.SH,11.1,11.24,11.08,11.16,11.1,0.06,0.54,337841.7,377132.074
20161129,863,600522.SH,11.14,11.3,11.11,11.24,11.16,0.08,0.72,415155.68,465348.953
20161130,862,600522.SH,11.2,11.74,11.17,11.63,11.24,0.39,3.47,1055893.78,1216819.653
20161201,861,600522.SH,11.7,11.87,11.46,11.64,11.63,0.01,0.09,738902.12,861501.623
20161202,860,600522.SH,11.65,11.67,11.3,11.31,11.64,-0.33,-2.84,412688.7,470600.018
20161205,859,600522.SH,11.2,11.47,11.16,11.31,11.31,0.0,0.0,297494.12,337059.971
20161206,858,600522.SH,11.32,11.39,11.13,11.19,11.31,-0.12,-1.06,325884.47,365950.412
20161207,857,600522.SH,11.2,11.34,11.18,11.29,11.19,0.1,0.89,221328.33,249360.0
20161208,856,600522.SH,11.33,11.45,11.25,11.33,11.29,0.04,0.35,250820.05,285067.134
20161209,855,600522.SH,11.33,11.4,11.18,11.2,11.33,-0.13,-1.15,222106.31,250012.039
20161212,854,600522.SH,11.23,11.28,10.66,10.69,11.2,-0.51,-4.55,416454.1,453698.515
20161213,853,600522.SH,10.67,10.79,10.6,10.71,10.69,0.02,0.19,200172.3,214404.647
20161214,852,600522.SH,10.71,10.75,10.29,10.3,10.71,-0.41,-3.83,300045.47,314406.902
20161215,851,600522.SH,10.34,10.98,10.34,10.66,10.3,0.36,3.5,389873.66,415788.142
20161216,850,600522.SH,10.72,10.74,10.56,10.72,10.66,0.06,0.56,178425.91,190083.418
20161219,849,600522.SH,10.75,10.77,10.61,10.75,10.72,0.03,0.28,137255.17,146678.01
20161220,848,600522.SH,10.82,10.85,10.65,10.72,10.75,-0.03,-0.28,189017.67,203309.937
20161221,847,600522.SH,10.8,10.84,10.74,10.77,10.72,0.05,0.47,124710.6,134434.939
20161222,846,600522.SH,10.8,10.8,10.66,10.68,10.77,-0.09,-0.84,103585.72,110847.685
20161223,845,600522.SH,10.75,10.79,10.58,10.68,10.68,0.0,0.0,177121.44,189373.093
20161226,844,600522.SH,10.69,10.69,10.42,10.62,10.68,-0.06,-0.56,131414.03,138180.609
20161227,843,600522.SH,10.63,10.66,10.46,10.5,10.62,-0.12,-1.13,153258.01,161628.59
20161228,842,600522.SH,10.51,10.57,10.4,10.43,10.5,-0.07,-0.67,121381.33,126890.2
20161229,841,600522.SH,10.55,10.59,10.42,10.43,10.43,0.0,0.0,121976.18,127748.096
20161230,840,600522.SH,10.5,10.57,10.44,10.53,10.43,0.1,0.96,132118.95,138793.242
20170103,839,600522.SH,10.54,10.64,10.53,10.63,10.53,0.1,0.95,136107.43,144203.487
20170104,838,600522.SH,10.69,11.08,10.65,11.05,10.63,0.42,3.95,512062.86,558897.845
20170105,837,600522.SH,11.07,11.07,10.91,10.99,11.05,-0.06,-0.54,218772.29,239873.058
20170106,836,600522.SH,11.24,11.4,11.12,11.15,10.99,0.16,1.46,518953.16,582405.011
20170109,835,600522.SH,11.23,11.26,11.04,11.18,11.15,0.03,0.27,254679.26,283929.109
20170110,834,600522.SH,11.22,11.22,11.01,11.02,11.18,-0.16,-1.43,228735.74,254291.375
20170111,833,600522.SH,11.14,11.14,10.95,11.02,11.02,0.0,0.0,213278.43,235633.483
20170112,832,600522.SH,11.03,11.13,10.95,10.99,11.02,-0.03,-0.27,151464.14,166946.036
20170113,831,600522.SH,11.03,11.16,10.97,11.03,10.99,0.04,0.36,276840.77,306497.488
20170116,830,600522.SH,11.21,11.25,10.83,11.19,11.03,0.16,1.45,624366.32,692977.79
20170117,829,600522.SH,11.15,11.42,11.06,11.41,11.19,0.22,1.97,467304.35,526046.311
20170118,828,600522.SH,11.37,11.56,11.29,11.31,11.41,-0.1,-0.88,399747.02,456203.222
20170119,827,600522.SH,11.31,11.42,11.19,11.23,11.31,-0.08,-0.71,260898.49,294582.998
20170120,826,600522.SH,11.24,11.37,11.17,11.36,11.23,0.13,1.16,267542.71,302451.565
20170123,825,600522.SH,11.44,11.45,11.26,11.37,11.36,0.01,0.09,280892.38,318710.643
20170124,824,600522.SH,11.36,11.37,11.21,11.27,11.37,-0.1,-0.88,210940.07,237677.307
20170125,823,600522.SH,11.23,11.27,11.12,11.2,11.27,-0.07,-0.62,178470.9,199836.65
20170126,822,600522.SH,11.24,11.28,11.21,11.22,11.2,0.02,0.18,147799.72,166179.181
20170203,821,600522.SH,11.2,11.28,11.18,11.25,11.22,0.03,0.27,139020.01,156348.506
20170206,820,600522.SH,11.32,11.41,11.18,11.38,11.25,0.13,1.16,316972.96,358731.514
20170207,819,600522.SH,11.42,11.42,11.32,11.38,11.38,0.0,0.0,216141.24,245693.586
20170208,818,600522.SH,11.38,11.38,11.22,11.34,11.38,-0.04,-0.35,205993.05,232784.95
20170209,817,600522.SH,11.31,11.48,11.29,11.44,11.34,0.1,0.88,352976.13,402016.347
20170210,816,600522.SH,11.39,11.48,11.31,11.33,11.44,-0.11,-0.96,337751.12,384604.554
20170213,815,600522.SH,11.29,11.32,11.22,11.23,11.33,-0.1,-0.88,324708.41,365523.521
20170214,814,600522.SH,11.4,11.45,11.23,11.29,11.23,0.06,0.53,264191.0,298687.799
20170215,813,600522.SH,11.33,11.33,11.11,11.12,11.29,-0.17,-1.51,277380.34,311018.372
20170216,812,600522.SH,11.12,11.14,10.99,11.09,11.12,-0.03,-0.27,324912.04,359127.105
20170217,811,600522.SH,11.1,11.17,11.02,11.09,11.09,0.0,0.0,234517.99,260252.816
20170220,810,600522.SH,11.1,11.22,11.07,11.19,11.09,0.1,0.9,216673.53,241671.36
20170221,809,600522.SH,11.27,11.28,11.19,11.23,11.19,0.04,0.36,222300.2,249800.92
20170222,808,600522.SH,11.22,11.39,11.17,11.34,11.23,0.11,0.98,343876.57,388739.472
20170223,807,600522.SH,11.34,11.34,11.22,11.25,11.34,-0.09,-0.79,223900.95,252066.53
20170224,806,600522.SH,11.25,11.25,11.15,11.18,11.25,-0.07,-0.62,183420.35,205033.989
20170227,805,600522.SH,11.18,11.2,11.09,11.09,11.18,-0.09,-0.81,183531.13,204457.394
20170228,804,600522.SH,11.09,11.15,11.07,11.13,11.09,0.04,0.36,141537.72,157276.376
20170301,803,600522.SH,11.14,11.15,11.05,11.09,11.13,-0.04,-0.36,172773.37,191839.423
20170302,802,600522.SH,11.12,11.14,10.9,10.92,11.09,-0.17,-1.53,263221.41,289904.859
20170303,801,600522.SH,10.92,11.03,10.92,10.98,10.92,0.06,0.55,151518.05,166450.303
20170306,800,600522.SH,10.98,11.23,10.96,11.2,10.98,0.22,2.0,332677.67,371116.207
20170307,799,600522.SH,11.2,11.22,11.08,11.12,11.2,-0.08,-0.71,166816.79,185544.049
20170308,798,600522.SH,11.13,11.14,10.97,11.01,11.12,-0.11,-0.99,201626.37,222486.572
20170309,797,600522.SH,11.02,11.09,10.83,11.07,11.01,0.06,0.55,314922.18,344880.56
20170310,796,600522.SH,11.01,11.19,10.98,11.11,11.07,0.04,0.36,307350.86,341783.155
20170313,795,600522.SH,11.08,11.48,11.07,11.46,11.11,0.35,3.15,887386.29,1006697.409
20170314,794,600522.SH,11.44,11.53,11.33,11.49,11.46,0.03,0.26,572814.27,654496.202
20170315,793,600522.SH,11.42,11.52,11.38,11.44,11.49,-0.05,-0.44,331371.02,379346.125
20170316,792,600522.SH,11.44,11.72,11.42,11.63,11.44,0.19,1.66,668427.79,773764.504
20170317,791,600522.SH,11.64,11.69,11.34,11.38,11.63,-0.25,-2.15,488530.73,563685.286
20170320,790,600522.SH,11.54,11.57,11.36,11.44,11.38,0.06,0.53,243756.48,278629.779
20170321,789,600522.SH,11.46,11.81,11.4,11.76,11.44,0.32,2.8,782036.28,911727.66
20170322,788,600522.SH,11.67,11.78,11.58,11.74,11.76,-0.02,-0.17,513749.31,599667.486
20170323,787,600522.SH,11.75,11.83,11.52,11.74,11.74,0.0,0.0,456067.25,533843.449
20170324,786,600522.SH,11.75,12.22,11.63,12.07,11.74,0.33,2.81,1129788.42,1356027.26
20170327,785,600522.SH,12.07,12.4,11.96,12.01,12.07,-0.06,-0.5,769887.29,937387.67
20170328,784,600522.SH,11.98,12.17,11.92,12.1,12.01,0.09,0.75,452687.38,546177.046
20170329,783,600522.SH,12.19,12.21,11.9,11.92,12.1,-0.18,-1.49,389172.94,469566.29
20170330,782,600522.SH,11.91,11.95,11.6,11.69,11.92,-0.23,-1.93,507043.86,594832.135
20170331,781,600522.SH,11.7,11.84,11.63,11.79,11.69,0.1,0.86,436389.76,511497.559
20170405,780,600522.SH,11.75,12.03,11.65,11.98,11.79,0.19,1.61,440065.18,523217.722
20170406,779,600522.SH,11.93,12.14,11.89,11.95,11.98,-0.03,-0.25,370655.51,444236.242
20170407,778,600522.SH,11.97,12.1,11.9,12.06,11.95,0.11,0.92,415613.84,499266.851
20170410,777,600522.SH,12.05,12.15,11.81,11.82,12.06,-0.24,-1.99,363122.24,434443.115
20170411,776,600522.SH,11.8,11.88,11.55,11.77,11.82,-0.05,-0.42,472580.96,551926.731
20170412,775,600522.SH,11.83,11.85,11.58,11.61,11.77,-0.16,-1.36,307200.76,358810.777
20170413,774,600522.SH,11.6,11.76,11.59,11.64,11.61,0.03,0.26,225714.12,263196.781
20170414,773,600522.SH,11.61,11.66,11.32,11.36,11.64,-0.28,-2.41,342878.39,392464.088
20170417,772,600522.SH,11.37,11.46,11.3,11.43,11.36,0.07,0.62,198294.93,225908.883
20170418,771,600522.SH,11.43,11.65,11.4,11.47,11.43,0.04,0.35,249181.08,287223.09
20170419,770,600522.SH,11.41,11.57,11.25,11.5,11.47,0.03,0.26,263361.26,300554.758
20170420,769,600522.SH,11.55,11.75,11.5,11.71,11.5,0.21,1.83,421549.26,491310.753
20170421,768,600522.SH,11.74,11.79,11.6,11.73,11.71,0.02,0.17,323093.87,377630.046
20170424,767,600522.SH,11.63,11.75,11.38,11.67,11.73,-0.06,-0.51,339801.1,392112.084
20170425,766,600522.SH,11.57,11.67,11.49,11.54,11.67,-0.13,-1.11,199469.4,230801.374
20170426,765,600522.SH,11.31,11.39,10.39,10.51,11.54,-1.03,-8.93,1158154.94,1241214.222
20170427,764,600522.SH,10.41,10.59,10.23,10.51,10.51,0.0,0.0,334408.53,348246.234
20170428,763,600522.SH,10.62,10.78,10.59,10.63,10.51,0.12,1.14,266545.36,284564.322
20170502,762,600522.SH,10.62,10.67,10.33,10.45,10.63,-0.18,-1.69,271697.47,283909.233
20170503,761,600522.SH,10.38,10.76,10.35,10.66,10.45,0.21,2.01,308642.36,327797.795
20170504,760,600522.SH,10.58,10.64,10.37,10.59,10.66,-0.07,-0.66,316772.16,333076.647
20170505,759,600522.SH,10.51,10.59,10.39,10.57,10.59,-0.02,-0.19,302986.3,317958.536
20170508,758,600522.SH,10.51,10.67,10.42,10.65,10.57,0.08,0.76,298714.88,315835.316
20170509,757,600522.SH,10.58,10.64,10.49,10.56,10.65,-0.09,-0.85,157200.35,165956.857
20170510,756,600522.SH,10.59,10.75,10.48,10.54,10.56,-0.02,-0.19,270252.27,287154.321
20170511,755,600522.SH,10.55,10.68,10.45,10.63,10.54,0.09,0.85,318841.29,336996.018
20170512,754,600522.SH,10.71,10.79,10.58,10.61,10.63,-0.02,-0.19,276839.65,295551.018
20170515,753,600522.SH,10.71,10.85,10.66,10.79,10.61,0.18,1.7,330449.46,355955.628
20170516,752,600522.SH,10.8,10.93,10.63,10.92,10.79,0.13,1.2,302242.15,326635.073
20170517,751,600522.SH,10.95,11.17,10.91,10.93,10.92,0.01,0.09,354161.4,390918.042
20170518,750,600522.SH,10.81,10.97,10.8,10.9,10.93,-0.03,-0.27,143609.59,156290.304
20170519,749,600522.SH,10.93,10.97,10.86,10.9,10.9,0.0,0.0,124278.23,135682.13
20170522,748,600522.SH,10.89,11.02,10.8,10.98,10.9,0.08,0.73,206656.41,225498.463
20170523,747,600522.SH,10.92,11.01,10.75,10.97,10.98,-0.01,-0.09,264735.84,288723.615
20170524,746,600522.SH,10.94,10.98,10.76,10.98,10.97,0.01,0.09,178772.84,194513.631
20170525,745,600522.SH,10.91,11.15,10.91,11.1,10.98,0.12,1.09,299382.83,331905.133
20170526,744,600522.SH,11.15,11.15,10.97,11.06,11.1,-0.04,-0.36,167878.53,185661.451
20170531,743,600522.SH,11.16,11.24,11.11,11.22,11.06,0.16,1.45,226343.21,253058.062
20170601,742,600522.SH,11.21,11.36,11.15,11.36,11.22,0.14,1.25,344360.22,389059.384
20170602,741,600522.SH,11.34,11.41,11.2,11.33,11.36,-0.03,-0.26,242685.17,274488.335
20170605,740,600522.SH,11.36,11.47,11.33,11.38,11.33,0.05,0.44,187498.01,213558.921
20170606,739,600522.SH,11.39,11.42,11.3,11.4,11.38,0.02,0.18,135262.92,153728.954
20170607,738,600522.SH,11.4,11.53,11.35,11.49,11.4,0.09,0.79,228765.35,262336.318
20170608,737,600522.SH,11.55,11.66,11.48,11.49,11.49,0.0,0.0,230212.76,266250.33
20170609,736,600522.SH,11.5,11.65,11.5,11.58,11.49,0.09,0.78,342633.37,397042.883
20170612,735,600522.SH,11.58,11.59,11.26,11.38,11.58,-0.2,-1.73,310680.56,354257.507
20170613,734,600522.SH,11.36,11.44,11.28,11.39,11.38,0.01,0.09,167694.41,190610.345
20170614,733,600522.SH,11.41,11.41,11.22,11.3,11.39,-0.09,-0.79,212041.65,239311.21
20170615,732,600522.SH,11.26,11.36,11.25,11.3,11.3,0.0,0.0,136027.87,154007.604
20170616,731,600522.SH,11.28,11.5,11.28,11.39,11.3,0.09,0.8,146081.92,166636.043
20170619,730,600522.SH,11.38,11.5,11.38,11.43,11.39,0.04,0.35,144263.6,165147.924
20170620,729,600522.SH,11.45,11.47,11.37,11.41,11.43,-0.02,-0.18,140479.88,160473.963
20170621,728,600522.SH,11.46,11.48,11.3,11.42,11.41,0.01,0.09,147993.19,168559.428
20170622,727,600522.SH,11.42,11.48,11.26,11.45,11.42,0.03,0.26,272853.55,310007.341
20170623,726,600522.SH,11.43,11.55,11.33,11.54,11.45,0.09,0.79,273942.11,314149.536
20170626,725,600522.SH,11.55,12.09,11.53,11.96,11.54,0.42,3.64,815743.91,970116.947
20170627,724,600522.SH,11.95,12.03,11.86,11.97,11.96,0.01,0.08,322470.01,385664.709
20170628,723,600522.SH,11.9,12.05,11.88,11.94,11.97,-0.03,-0.25,261436.7,312689.544
20170629,722,600522.SH,11.97,12.15,11.91,12.09,11.94,0.15,1.26,361612.76,436096.453
20170630,721,600522.SH,12.07,12.12,11.93,12.05,12.09,-0.04,-0.33,282574.19,339539.925
20170703,720,600522.SH,12.1,12.11,11.86,11.96,12.05,-0.09,-0.75,242426.31,290236.789
20170704,719,600522.SH,11.98,12.09,11.89,11.99,11.96,0.03,0.25,202000.4,241896.392
20170705,718,600522.SH,12.0,12.06,11.92,11.99,11.99,0.0,0.0,232172.56,278085.938
20170706,717,600522.SH,12.05,12.35,12.01,12.23,11.99,0.24,2.0,574019.88,701722.99
20170707,716,600522.SH,12.2,12.22,11.94,12.11,12.23,-0.12,-0.98,403735.08,487625.112
20170710,715,600522.SH,12.06,12.11,11.82,11.83,12.11,-0.28,-2.31,318665.1,380909.896
20170711,714,600522.SH,11.83,11.92,11.78,11.8,11.83,-0.03,-0.25,219628.22,260155.463
20170712,713,600522.SH,11.82,11.89,11.41,11.55,11.8,-0.25,-2.12,469054.71,544191.277
20170713,712,600522.SH,11.55,11.65,11.49,11.58,11.55,0.03,0.26,193177.02,223847.595
20170714,711,600522.SH,11.57,11.63,11.45,11.58,11.58,0.0,0.0,163861.62,189469.577
20170717,710,600522.SH,11.48,11.51,10.94,10.96,11.58,-0.62,-5.35,423832.28,474586.038
20170718,709,600522.SH,10.98,11.08,10.86,11.06,10.96,0.1,0.91,208694.2,228992.665
20170719,708,600522.SH,11.07,11.36,10.95,11.33,11.06,0.27,2.44,251956.03,281728.825
20170720,707,600522.SH,11.34,11.54,11.27,11.3,11.33,-0.03,-0.26,234126.99,267157.986
20170721,706,600522.SH,11.3,11.51,11.24,11.48,11.3,0.18,1.59,205894.46,234803.793
20170724,705,600522.SH,11.42,11.46,11.31,11.41,11.38,0.03,0.26,203143.26,231307.241
20170725,704,600522.SH,11.41,11.43,11.21,11.31,11.41,-0.1,-0.88,174279.12,196992.123
20170726,703,600522.SH,11.31,11.34,11.1,11.12,11.31,-0.19,-1.68,181413.27,202850.466
20170727,702,600522.SH,11.12,11.35,11.06,11.31,11.12,0.19,1.71,167044.1,187455.864
20170728,701,600522.SH,11.33,11.45,11.3,11.36,11.31,0.05,0.44,176336.58,200914.369
20170731,700,600522.SH,11.45,11.7,11.37,11.49,11.36,0.13,1.14,397187.02,458729.046
20170801,699,600522.SH,11.5,11.57,11.41,11.49,11.49,0.0,0.0,194498.0,223313.836
20170802,698,600522.SH,11.5,11.52,11.29,11.3,11.49,-0.19,-1.65,200644.7,228656.68
20170803,697,600522.SH,11.32,11.34,11.19,11.26,11.3,-0.04,-0.35,153449.11,172583.033
20170804,696,600522.SH,11.24,11.26,11.08,11.09,11.26,-0.17,-1.51,246499.39,274277.931
20170807,695,600522.SH,11.06,11.22,11.01,11.18,11.09,0.09,0.81,126056.05,140397.15
20170808,694,600522.SH,11.15,11.23,11.12,11.16,11.18,-0.02,-0.18,143808.28,160770.337
20170809,693,600522.SH,11.19,11.24,11.12,11.21,11.16,0.05,0.45,115692.55,129425.416
20170810,692,600522.SH,11.22,11.23,11.04,11.1,11.21,-0.11,-0.98,147041.41,163844.842
20170811,691,600522.SH,11.11,11.11,10.9,10.94,11.1,-0.16,-1.44,170163.69,187277.434
20170814,690,600522.SH,10.93,11.29,10.9,11.24,10.94,0.3,2.74,215382.15,240375.273
20170815,689,600522.SH,11.26,11.36,11.17,11.22,11.24,-0.02,-0.18,120656.36,135704.317
20170816,688,600522.SH,11.18,11.34,11.16,11.32,11.22,0.1,0.89,162322.14,182920.902
20170817,687,600522.SH,11.3,11.58,11.26,11.43,11.32,0.11,0.97,274781.11,313374.095
20170818,686,600522.SH,11.4,11.41,11.31,11.32,11.43,-0.11,-0.96,157876.76,179209.2
20170821,685,600522.SH,11.38,11.48,11.31,11.46,11.32,0.14,1.24,199558.51,227850.184
20170822,684,600522.SH,11.48,11.49,11.32,11.33,11.46,-0.13,-1.13,123948.73,141002.912
20170823,683,600522.SH,11.31,11.39,11.26,11.27,11.33,-0.06,-0.53,110489.79,125249.1
20170824,682,600522.SH,11.27,11.3,11.11,11.15,11.27,-0.12,-1.06,110861.04,124147.318
20170825,681,600522.SH,11.21,11.36,11.18,11.28,11.15,0.13,1.17,155945.78,175700.141
20170828,680,600522.SH,11.32,11.45,11.31,11.39,11.28,0.11,0.98,235355.89,268152.165
20170829,679,600522.SH,11.61,11.69,11.47,11.56,11.39,0.17,1.49,469956.34,543558.627
20170830,678,600522.SH,11.53,11.59,11.45,11.5,11.56,-0.06,-0.52,228061.5,262625.704
20170831,677,600522.SH,11.5,11.8,11.48,11.77,11.5,0.27,2.35,473005.08,552225.872
20170901,676,600522.SH,11.8,11.84,11.66,11.73,11.77,-0.04,-0.34,341230.25,400118.68
20170904,675,600522.SH,11.7,11.9,11.69,11.79,11.73,0.06,0.51,350702.96,414778.217
20170905,674,600522.SH,11.8,11.88,11.63,11.67,11.79,-0.12,-1.02,273992.23,321376.279
20170906,673,600522.SH,11.65,11.73,11.58,11.65,11.67,-0.02,-0.17,308153.82,358840.591
20170907,672,600522.SH,11.64,11.74,11.58,11.66,11.65,0.01,0.09,257652.17,300533.528
20170908,671,600522.SH,11.66,11.7,11.47,11.54,11.66,-0.12,-1.03,313898.86,362447.767
20170911,670,600522.SH,11.55,11.92,11.51,11.91,11.54,0.37,3.21,530258.11,623686.394
20170912,669,600522.SH,11.98,12.02,11.76,11.81,11.91,-0.1,-0.84,516069.05,613503.239
20170913,668,600522.SH,11.77,11.95,11.75,11.86,11.81,0.05,0.42,317164.43,376034.946
20170914,667,600522.SH,11.86,12.65,11.81,12.44,11.86,0.58,4.89,1249312.3,1535390.004
20170915,666,600522.SH,12.47,12.79,12.35,12.59,12.44,0.15,1.21,1063112.44,1340344.061
20170918,665,600522.SH,12.64,12.86,12.26,12.31,12.59,-0.28,-2.22,993505.93,1239959.728
20170919,664,600522.SH,12.4,12.75,12.33,12.52,12.31,0.21,1.71,770856.1,963708.088
20170920,663,600522.SH,12.44,12.68,12.26,12.29,12.52,-0.23,-1.84,754727.11,939161.187
20170921,662,600522.SH,12.36,12.63,12.24,12.41,12.29,0.12,0.98,588743.27,729561.628
20170922,661,600522.SH,12.3,13.65,12.26,13.5,12.41,1.09,8.78,2009315.75,2622426.109
20170925,660,600522.SH,13.4,14.0,13.33,13.37,13.5,-0.13,-0.96,1825337.15,2484723.046
20170926,659,600522.SH,13.25,13.49,12.97,13.4,13.37,0.03,0.22,938771.12,1239399.103
20170927,658,600522.SH,13.36,14.68,13.26,14.47,13.4,1.07,7.99,1779001.81,2502087.426
20170928,657,600522.SH,14.42,14.56,14.13,14.29,14.47,-0.18,-1.24,1137607.03,1629794.617
20170929,656,600522.SH,14.34,14.89,14.22,14.29,14.29,0.0,0.0,1384232.18,2002837.911
20171009,655,600522.SH,14.7,14.97,14.24,14.32,14.29,0.03,0.21,1533917.85,2240681.187
20171010,654,600522.SH,14.15,14.2,13.23,13.58,14.32,-0.74,-5.17,2222093.86,3018244.542
20171011,653,600522.SH,13.43,13.63,13.26,13.35,13.58,-0.23,-1.69,974784.42,1308530.491
20171012,652,600522.SH,13.4,13.67,13.35,13.43,13.35,0.08,0.6,833033.74,1125832.474
20171013,651,600522.SH,13.47,13.75,13.32,13.57,13.43,0.14,1.04,690730.62,937604.145
20171016,650,600522.SH,13.6,13.94,13.48,13.55,13.57,-0.02,-0.15,803566.53,1100769.974
20171017,649,600522.SH,13.5,13.71,13.28,13.34,13.55,-0.21,-1.55,631584.12,851074.595
20171018,648,600522.SH,13.39,13.61,13.31,13.55,13.34,0.21,1.57,631792.23,850762.912
20171019,647,600522.SH,13.5,13.5,12.81,13.15,13.55,-0.4,-2.95,1021633.08,1334851.248
20171020,646,600522.SH,13.01,13.23,12.97,13.16,13.15,0.01,0.08,353702.33,464005.011
20171023,645,600522.SH,13.18,13.37,13.03,13.26,13.16,0.1,0.76,398914.61,527202.136
20171024,644,600522.SH,13.19,13.73,13.12,13.6,13.26,0.34,2.56,706229.23,956520.927
20171025,643,600522.SH,13.55,13.67,13.45,13.59,13.6,-0.01,-0.07,390248.23,530024.665
20171026,642,600522.SH,13.59,13.97,13.47,13.61,13.59,0.02,0.15,957428.77,1316390.761
20171027,641,600522.SH,13.63,13.87,13.52,13.85,13.61,0.24,1.76,651660.3,895209.403
20171030,640,600522.SH,13.46,13.49,12.92,13.2,13.85,-0.65,-4.69,1129124.42,1481482.194
20171031,639,600522.SH,13.12,13.33,12.95,13.22,13.2,0.02,0.15,623489.98,819622.569
20171101,638,600522.SH,13.16,13.3,12.71,12.74,13.22,-0.48,-3.63,878740.59,1144798.147
20171102,637,600522.SH,12.63,12.72,12.35,12.53,12.74,-0.21,-1.65,773219.57,966980.02
20171103,636,600522.SH,12.47,12.86,12.39,12.8,12.53,0.27,2.15,703675.87,893194.178
20171106,635,600522.SH,12.75,13.21,12.74,13.17,12.8,0.37,2.89,678781.07,886172.244
20171107,634,600522.SH,13.25,13.59,13.1,13.38,13.17,0.21,1.59,950396.78,1274281.564
20171108,633,600522.SH,13.33,13.75,13.3,13.43,13.38,0.05,0.37,742815.07,1006952.484
20171109,632,600522.SH,13.45,13.8,13.32,13.78,13.43,0.35,2.61,749564.46,1022099.495
20171110,631,600522.SH,13.77,14.49,13.72,14.18,13.78,0.4,2.9,1259821.84,1788320.419
20171113,630,600522.SH,14.15,14.95,14.15,14.45,14.18,0.27,1.9,1233045.22,1799350.4
20171114,629,600522.SH,14.38,14.8,14.14,14.28,14.45,-0.17,-1.18,865351.19,1245791.838
20171115,628,600522.SH,14.24,14.58,13.71,13.84,14.28,-0.44,-3.08,1344134.04,1882839.2
20171116,627,600522.SH,13.93,14.65,13.75,14.46,13.84,0.62,4.48,1349142.35,1909899.803
20171117,626,600522.SH,14.5,15.2,14.28,14.68,14.46,0.22,1.52,2112870.77,3141214.839
20171120,625,600522.SH,14.55,15.55,13.92,15.53,14.68,0.85,5.79,1644127.79,2451640.408
20171121,624,600522.SH,15.4,16.05,15.31,15.47,15.53,-0.06,-0.39,1726388.53,2713491.163
20171122,623,600522.SH,15.65,16.05,15.27,15.81,15.47,0.34,2.2,1381541.89,2168655.675
20171123,622,600522.SH,15.7,15.79,14.83,14.89,15.81,-0.92,-5.82,1200451.35,1837007.568
20171124,621,600522.SH,15.04,15.64,14.94,15.05,14.89,0.16,1.07,1031642.91,1572877.734
20171127,620,600522.SH,14.98,14.98,14.13,14.39,15.05,-0.66,-4.39,960268.91,1378839.378
20171128,619,600522.SH,14.38,15.05,14.28,14.98,14.39,0.59,4.1,780831.29,1146788.754
20171129,618,600522.SH,14.93,14.97,14.35,14.7,14.98,-0.28,-1.87,770222.24,1129697.389
20171130,617,600522.SH,14.6,15.24,14.46,14.93,14.7,0.23,1.56,860769.8,1287562.855
20171201,616,600522.SH,14.9,15.33,14.64,15.15,14.93,0.22,1.47,852192.18,1285174.881
20171204,615,600522.SH,15.05,15.65,15.05,15.56,15.15,0.41,2.71,1025918.88,1582381.357
20171205,614,600522.SH,15.36,15.79,14.52,14.92,15.56,-0.64,-4.11,1552314.91,2384778.471
20171206,613,600522.SH,14.82,15.73,14.54,15.71,14.92,0.79,5.29,1162466.94,1751473.226
20171207,612,600522.SH,15.51,16.06,15.38,15.58,15.71,-0.13,-0.83,1162646.98,1830737.65
20171208,611,600522.SH,15.4,15.82,15.26,15.38,15.58,-0.2,-1.28,1130004.93,1753052.363
20171211,610,600522.SH,15.22,15.56,15.08,15.54,15.38,0.16,1.04,972894.95,1493330.85
20171212,609,600522.SH,15.43,15.76,15.13,15.15,15.54,-0.39,-2.51,931684.71,1440875.859
20171213,608,600522.SH,14.94,15.19,14.66,14.99,15.15,-0.16,-1.06,924451.31,1381116.243
20171214,607,600522.SH,15.01,15.64,14.92,15.62,14.99,0.63,4.2,1203352.35,1846249.924
20171215,606,600522.SH,15.41,15.52,14.71,14.74,15.62,-0.88,-5.63,1020024.27,1539280.627
20171218,605,600522.SH,14.59,14.69,14.21,14.28,14.74,-0.46,-3.12,718909.86,1034055.815
20171219,604,600522.SH,14.36,14.57,14.28,14.49,14.28,0.21,1.47,512936.61,739363.938
20171220,603,600522.SH,14.49,14.85,14.3,14.73,14.49,0.24,1.66,701572.2,1027693.465
20171221,602,600522.SH,14.69,15.14,14.45,14.96,14.73,0.23,1.56,683076.13,1014207.403
20171222,601,600522.SH,14.83,15.05,14.81,14.87,14.96,-0.09,-0.6,385901.26,575829.461
20171225,600,600522.SH,14.87,14.99,14.35,14.54,14.87,-0.33,-2.22,522229.82,759412.034
20171226,599,600522.SH,14.52,14.62,14.31,14.57,14.54,0.03,0.21,387045.73,559933.785
20171227,598,600522.SH,14.5,14.5,13.82,13.87,14.57,-0.7,-4.8,752514.69,1065173.8
20171228,597,600522.SH,13.85,14.06,13.7,13.8,13.87,-0.07,-0.5,492989.41,682394.936
20171229,596,600522.SH,13.8,14.02,13.78,13.94,13.8,0.14,1.01,324945.28,451588.585
20180102,595,600522.SH,14.01,14.1,13.52,13.79,13.94,-0.15,-1.08,770053.08,1055874.064
20180103,594,600522.SH,13.77,14.49,13.77,14.28,13.79,0.49,3.55,1033895.2,1468833.383
20180104,593,600522.SH,14.25,14.43,14.06,14.2,14.28,-0.08,-0.56,706291.78,1005726.611
20180105,592,600522.SH,14.19,14.34,13.81,13.88,14.2,-0.32,-2.25,604244.22,851218.321
20180108,591,600522.SH,13.88,13.9,13.55,13.83,13.88,-0.05,-0.36,660233.56,903219.814
20180109,590,600522.SH,13.75,14.06,13.68,14.0,13.83,0.17,1.23,656002.83,911138.265
20180110,589,600522.SH,14.2,14.37,13.78,14.07,14.0,0.07,0.5,751837.98,1058879.205
20180111,588,600522.SH,13.92,14.23,13.8,14.13,14.07,0.06,0.43,582581.63,818999.737
20180112,587,600522.SH,14.01,14.03,13.81,13.84,14.13,-0.29,-2.05,418363.16,582026.698
20180115,586,600522.SH,13.71,13.71,12.94,13.11,13.84,-0.73,-5.27,967808.2,1290408.678
20180116,585,600522.SH,13.0,13.3,12.94,13.08,13.11,-0.03,-0.23,600333.63,785343.655
20180117,584,600522.SH,13.15,13.22,12.4,12.71,13.08,-0.37,-2.83,911829.83,1155828.052
20180118,583,600522.SH,12.65,12.81,12.56,12.68,12.71,-0.03,-0.24,378073.58,479717.339
20180119,582,600522.SH,12.65,12.81,12.55,12.66,12.68,-0.02,-0.16,431289.16,547386.166
20180122,581,600522.SH,12.61,12.83,12.4,12.77,12.66,0.11,0.87,512852.48,647499.624
20180123,580,600522.SH,12.72,12.92,12.69,12.8,12.77,0.03,0.23,399200.29,510657.161
20180124,579,600522.SH,12.76,13.2,12.61,13.19,12.8,0.39,3.05,738587.59,954457.426
20180125,578,600522.SH,13.15,13.3,12.91,12.94,13.19,-0.25,-1.9,620663.02,811574.176
20180126,577,600522.SH,12.9,12.9,12.65,12.69,12.94,-0.25,-1.93,430705.94,548897.655
20180129,576,600522.SH,12.61,12.67,11.93,11.97,12.69,-0.72,-5.67,1086225.13,1324475.993
20180130,575,600522.SH,11.9,12.12,11.87,11.92,11.97,-0.05,-0.42,339769.39,407315.054
20180131,574,600522.SH,11.97,12.07,11.85,12.0,11.92,0.08,0.67,346530.64,415079.507
20180201,573,600522.SH,11.93,12.13,11.51,12.12,12.0,0.12,1.0,753600.58,886838.713
20180202,572,600522.SH,11.92,12.08,11.62,11.76,12.12,-0.36,-2.97,476535.1,563894.337
20180205,571,600522.SH,11.55,11.6,11.1,11.16,11.76,-0.6,-5.1,695912.9,788917.828
20180206,570,600522.SH,10.95,11.09,10.69,11.0,11.16,-0.16,-1.43,723721.4,789027.017
20180207,569,600522.SH,11.15,11.17,10.78,10.97,11.0,-0.03,-0.27,508787.8,558158.388
20180208,568,600522.SH,10.98,11.6,10.92,11.3,10.97,0.33,3.01,610978.64,693556.627
20180209,567,600522.SH,11.07,11.3,10.88,11.23,11.3,-0.07,-0.62,490624.13,545028.001
20180212,566,600522.SH,11.34,11.96,11.24,11.84,11.23,0.61,5.43,615367.43,715429.016
20180213,565,600522.SH,11.92,12.1,11.73,11.76,11.84,-0.08,-0.68,383466.17,455181.196
20180214,564,600522.SH,11.74,11.92,11.71,11.82,11.76,0.06,0.51,206785.3,245026.166
20180222,563,600522.SH,11.8,12.06,11.77,12.03,11.82,0.21,1.78,294451.34,351951.03
20180223,562,600522.SH,12.03,12.16,11.9,11.94,12.03,-0.09,-0.75,321221.34,386411.082
20180226,561,600522.SH,12.04,12.57,11.94,12.45,11.94,0.51,4.27,811005.24,1002855.336
20180227,560,600522.SH,12.51,12.8,12.41,12.52,12.45,0.07,0.56,644469.67,812941.196
20180228,559,600522.SH,12.3,12.76,12.26,12.65,12.52,0.13,1.04,462707.74,582512.645
20180301,558,600522.SH,12.56,12.85,12.47,12.79,12.65,0.14,1.11,422953.38,539252.952
20180302,557,600522.SH,12.7,12.86,12.4,12.49,12.79,-0.3,-2.35,381919.9,481516.128
20180305,556,600522.SH,12.5,12.74,12.41,12.55,12.49,0.06,0.48,296156.78,371338.926
20180306,555,600522.SH,12.57,12.95,12.57,12.88,12.55,0.33,2.63,612891.28,786307.017
20180307,554,600522.SH,12.78,12.84,12.7,12.75,12.88,-0.13,-1.01,368458.54,469848.055
20180308,553,600522.SH,12.75,12.81,12.46,12.6,12.75,-0.15,-1.18,348990.63,439656.522
20180309,552,600522.SH,12.62,13.03,12.57,12.98,12.6,0.38,3.02,654660.55,841280.371
20180312,551,600522.SH,13.02,13.38,13.02,13.34,12.98,0.36,2.77,708940.65,936997.254
20180313,550,600522.SH,13.26,13.27,12.99,13.04,13.34,-0.3,-2.25,462071.56,606306.329
20180314,549,600522.SH,12.96,13.1,12.89,12.97,13.04,-0.07,-0.54,352519.53,457830.547
20180315,548,600522.SH,12.9,13.03,12.54,12.73,12.97,-0.24,-1.85,505772.47,643525.849
20180316,547,600522.SH,12.7,12.79,12.55,12.57,12.73,-0.16,-1.26,262351.11,331880.966
20180319,546,600522.SH,12.53,12.72,12.42,12.62,12.57,0.05,0.4,237551.11,299906.954
20180320,545,600522.SH,12.48,12.66,12.41,12.59,12.62,-0.03,-0.24,225712.88,283003.666
20180321,544,600522.SH,12.62,12.79,12.38,12.42,12.59,-0.17,-1.35,353290.42,445879.084
20180322,543,600522.SH,12.43,12.55,12.22,12.32,12.42,-0.1,-0.81,290508.68,359882.166
20180323,542,600522.SH,11.82,11.97,11.24,11.41,12.32,-0.91,-7.39,623861.07,721938.451
20180326,541,600522.SH,11.28,11.66,11.01,11.65,11.41,0.24,2.1,337118.88,385072.901
20180327,540,600522.SH,11.82,12.11,11.82,11.98,11.65,0.33,2.83,406114.8,485570.225
20180328,539,600522.SH,11.79,12.08,11.74,11.84,11.98,-0.14,-1.17,279061.83,332228.215
20180329,538,600522.SH,11.95,12.02,11.76,11.96,11.84,0.12,1.01,230276.29,274156.2
20180330,537,600522.SH,11.97,12.32,11.91,12.28,11.96,0.32,2.68,393147.17,478434.183
20180402,536,600522.SH,12.3,12.48,12.11,12.18,12.28,-0.1,-0.81,466352.75,574505.804
20180403,535,600522.SH,11.85,11.96,11.62,11.8,12.18,-0.38,-3.12,437233.16,514190.16
20180404,534,600522.SH,11.87,11.95,11.58,11.64,11.8,-0.16,-1.36,279978.78,328684.063
20180409,533,600522.SH,11.54,11.68,11.37,11.54,11.64,-0.1,-0.86,279660.56,322508.731
20180410,532,600522.SH,11.54,11.71,11.48,11.7,11.54,0.16,1.39,247047.28,286542.275
20180411,531,600522.SH,11.73,11.85,11.71,11.74,11.7,0.04,0.34,311304.77,366721.261
20180412,530,600522.SH,11.73,11.73,11.47,11.51,11.74,-0.23,-1.96,244492.26,282919.944
20180413,529,600522.SH,11.59,11.67,11.37,11.38,11.51,-0.13,-1.13,239726.53,274669.146
20180416,528,600522.SH,11.38,11.54,11.25,11.43,11.38,0.05,0.44,278218.11,317429.837
20180417,527,600522.SH,11.41,11.44,10.83,10.85,11.43,-0.58,-5.07,526324.84,581740.475
20180418,526,600522.SH,10.95,11.0,10.4,10.7,10.85,-0.15,-1.38,580997.64,617380.485
20180419,525,600522.SH,10.68,10.84,10.57,10.71,10.7,0.01,0.09,299501.73,321550.447
20180420,524,600522.SH,10.68,10.68,10.31,10.32,10.71,-0.39,-3.64,359260.96,375505.899
20180423,523,600522.SH,10.47,10.63,10.36,10.5,10.32,0.18,1.74,302861.65,317537.839
20180424,522,600522.SH,10.55,10.84,10.42,10.8,10.5,0.3,2.86,354280.18,378481.949
20180425,521,600522.SH,10.71,11.05,10.64,10.91,10.8,0.11,1.02,398420.7,435322.747
20180426,520,600522.SH,10.46,10.46,9.82,9.82,10.91,-1.09,-9.99,1245290.02,1251663.349
20180427,519,600522.SH,9.89,9.96,9.71,9.87,9.82,0.05,0.51,395537.19,388260.656
20180502,518,600522.SH,9.88,9.96,9.63,9.72,9.87,-0.15,-1.52,331791.83,324049.566
20180503,517,600522.SH,9.67,9.99,9.52,9.97,9.72,0.25,2.57,406377.32,397642.511
20180504,516,600522.SH,9.95,10.12,9.84,9.86,9.97,-0.11,-1.1,324194.57,323067.38
20180507,515,600522.SH,9.87,10.04,9.87,10.0,9.86,0.14,1.42,253813.7,253326.155
20180508,514,600522.SH,10.03,10.09,9.96,10.07,10.0,0.07,0.7,268923.09,269761.386
20180509,513,600522.SH,10.07,10.08,9.96,9.99,10.07,-0.08,-0.79,221488.93,221614.61
20180510,512,600522.SH,10.03,10.32,10.03,10.26,9.99,0.27,2.7,432758.01,441677.826
20180511,511,600522.SH,10.3,10.33,10.14,10.16,10.26,-0.1,-0.97,250851.7,255518.224
20180514,510,600522.SH,10.32,10.43,10.08,10.16,10.16,0.0,0.0,469755.46,482419.322
20180515,509,600522.SH,10.16,10.22,9.94,10.1,10.16,-0.06,-0.59,346561.38,347460.632
20180516,508,600522.SH,10.02,10.04,9.96,10.0,10.1,-0.1,-0.99,198796.04,198775.881
20180517,507,600522.SH,10.0,10.02,9.89,9.96,10.0,-0.04,-0.4,184546.01,183647.51
20180518,506,600522.SH,9.96,10.07,9.89,10.06,9.96,0.1,1.0,233289.97,232807.942
20180521,505,600522.SH,10.17,11.07,10.15,11.07,10.06,1.01,10.04,1230752.9,1318501.501
20180522,504,600522.SH,11.26,11.44,11.05,11.32,11.07,0.25,2.26,1605686.64,1809298.803
20180523,503,600522.SH,11.19,11.19,10.86,10.87,11.32,-0.45,-3.98,926995.23,1021356.884
20180524,502,600522.SH,10.87,11.06,10.82,10.83,10.87,-0.04,-0.37,586759.42,640871.955
20180525,501,600522.SH,10.79,10.79,10.55,10.6,10.83,-0.23,-2.12,499126.64,530935.615
20180528,500,600522.SH,10.7,10.94,10.66,10.77,10.6,0.17,1.6,563102.28,608247.905
20180529,499,600522.SH,10.86,10.86,10.47,10.55,10.77,-0.22,-2.04,421788.25,449810.91
20180530,498,600522.SH,10.28,10.28,9.94,10.0,10.55,-0.55,-5.21,558084.98,562343.297
20180531,497,600522.SH,10.12,10.17,9.9,10.1,10.0,0.1,1.0,353468.6,355640.743
20180601,496,600522.SH,10.01,10.08,9.9,9.96,10.1,-0.14,-1.39,288337.45,287397.013
20180604,495,600522.SH,10.05,10.1,9.97,10.05,9.96,0.09,0.9,205995.15,206624.324
20180605,494,600522.SH,10.02,10.46,10.01,10.4,10.05,0.35,3.48,463620.77,475222.42
20180606,493,600522.SH,10.46,10.47,10.22,10.37,10.4,-0.03,-0.29,384895.76,398489.474
20180607,492,600522.SH,10.43,10.57,10.28,10.29,10.37,-0.08,-0.77,336305.84,349781.74
20180608,491,600522.SH,10.41,10.45,10.06,10.12,10.29,-0.17,-1.65,344580.85,352532.463
20180611,490,600522.SH,10.03,10.09,9.93,10.05,10.12,-0.07,-0.69,207909.04,208277.434
20180612,489,600522.SH,10.05,10.21,9.96,10.18,10.05,0.13,1.29,232278.48,234498.608
20180613,488,600522.SH,10.09,10.32,10.0,10.02,10.18,-0.16,-1.57,254335.78,257798.647
20180614,487,600522.SH,9.98,10.14,9.93,9.94,10.02,-0.08,-0.8,262785.56,262850.938
20180615,486,600522.SH,9.95,9.99,9.55,9.57,9.94,-0.37,-3.72,533385.35,517027.65
20180619,485,600522.SH,9.35,9.35,8.61,8.61,9.57,-0.96,-10.03,625413.51,554371.475
20180620,484,600522.SH,8.52,8.67,8.13,8.54,8.61,-0.07,-0.81,519279.9,439191.241
20180621,483,600522.SH,8.58,8.7,8.22,8.25,8.54,-0.29,-3.4,364287.23,308883.556
20180622,482,600522.SH,8.19,8.56,8.15,8.49,8.25,0.24,2.91,284434.13,239630.735
20180625,481,600522.SH,8.57,8.65,8.38,8.39,8.49,-0.1,-1.18,216144.74,184091.333
20180626,480,600522.SH,8.25,8.6,8.15,8.58,8.39,0.19,2.26,264536.42,223506.879
20180627,479,600522.SH,8.53,8.64,8.45,8.53,8.58,-0.05,-0.58,206065.27,175575.414
20180628,478,600522.SH,8.51,8.69,8.51,8.53,8.53,0.0,0.0,252941.15,217358.587
20180629,477,600522.SH,8.54,8.83,8.45,8.81,8.53,0.28,3.28,354155.11,307765.553
20180702,476,600522.SH,8.78,8.83,8.4,8.51,8.81,-0.3,-3.41,285815.17,247126.534
20180703,475,600522.SH,8.51,8.86,8.36,8.85,8.51,0.34,4.0,334222.57,288520.893
20180704,474,600522.SH,8.76,8.85,8.55,8.6,8.85,-0.25,-2.82,285739.66,248054.278
20180705,473,600522.SH,8.58,8.63,8.24,8.27,8.6,-0.33,-3.84,251900.16,211904.727
20180706,472,600522.SH,8.26,8.54,8.21,8.42,8.27,0.15,1.81,270812.79,227227.456
20180709,471,600522.SH,8.51,8.67,8.46,8.66,8.42,0.24,2.85,244109.35,209794.387
20180710,470,600522.SH,8.56,8.63,8.47,8.59,8.56,0.03,0.35,204922.04,175088.742
20180711,469,600522.SH,8.48,8.48,8.23,8.33,8.59,-0.26,-3.03,248908.47,207188.528
20180712,468,600522.SH,8.58,9.16,8.58,9.16,8.33,0.83,9.96,879424.18,788873.371
20180713,467,600522.SH,9.14,9.14,8.82,8.9,9.16,-0.26,-2.84,743853.1,666944.771
20180716,466,600522.SH,8.99,9.26,8.97,9.07,8.9,0.17,1.91,639704.44,583066.579
20180717,465,600522.SH,9.03,9.14,8.88,9.05,9.07,-0.02,-0.22,424467.13,382013.003
20180718,464,600522.SH,9.01,9.03,8.85,8.87,9.05,-0.18,-1.99,329899.17,294512.47
20180719,463,600522.SH,8.86,9.03,8.84,8.91,8.87,0.04,0.45,303464.71,270733.736
20180720,462,600522.SH,8.88,8.97,8.72,8.92,8.91,0.01,0.1122,315489.84,279474.388
20180723,461,600522.SH,8.86,9.14,8.84,9.09,8.92,0.17,1.9058,392244.89,354833.452
20180724,460,600522.SH,9.09,9.37,9.04,9.27,9.09,0.18,1.9802,521567.7,481209.243
20180725,459,600522.SH,9.25,9.37,9.13,9.17,9.27,-0.1,-1.0787,363445.31,335178.295
20180726,458,600522.SH,9.17,9.21,8.95,8.99,9.17,-0.18,-1.9629,323862.12,292288.551
20180727,457,600522.SH,8.92,9.1,8.91,8.95,8.99,-0.04,-0.4449,214170.69,192674.72
20180730,456,600522.SH,9.01,9.03,8.85,8.95,8.95,0.0,0.0,203985.42,182225.062
20180731,455,600522.SH,8.89,9.12,8.89,9.09,8.95,0.14,1.5642,256751.69,231982.738
20180801,454,600522.SH,9.12,9.18,8.84,8.86,9.09,-0.23,-2.5303,305820.54,277077.116
20180802,453,600522.SH,8.8,8.83,8.32,8.48,8.86,-0.38,-4.2889,358330.8,304478.085
20180803,452,600522.SH,8.49,8.52,8.25,8.36,8.48,-0.12,-1.4151,202816.08,169747.799
20180806,451,600522.SH,8.3,8.44,8.19,8.24,8.36,-0.12,-1.4354,167072.14,138294.122
20180807,450,600522.SH,8.29,8.53,8.21,8.51,8.24,0.27,3.2767,205649.33,172696.271
20180808,449,600522.SH,8.49,8.49,8.28,8.29,8.51,-0.22,-2.5852,181048.06,151752.938
20180809,448,600522.SH,8.21,8.7,8.2,8.56,8.29,0.27,3.2569,359914.47,308090.982
20180810,447,600522.SH,8.58,8.78,8.5,8.76,8.56,0.2,2.3364,324994.02,281111.913
20180813,446,600522.SH,8.76,9.09,8.61,8.97,8.76,0.21,2.3973,521952.77,465337.626
20180814,445,600522.SH,8.92,9.03,8.88,8.94,8.97,-0.03,-0.3344,297909.22,266598.695
20180815,444,600522.SH,8.94,9.02,8.83,8.85,8.94,-0.09,-1.0067,286185.86,255080.676
20180816,443,600522.SH,8.67,9.15,8.6,8.98,8.85,0.13,1.4689,456080.77,410527.944
20180817,442,600522.SH,9.11,9.16,8.77,8.78,8.98,-0.2,-2.2272,312049.35,279930.377
20180820,441,600522.SH,8.82,9.15,8.78,9.15,8.78,0.37,4.2141,429895.15,386663.01
20180821,440,600522.SH,9.1,9.27,9.03,9.18,9.15,0.03,0.3279,483215.8,441813.323
20180822,439,600522.SH,9.11,9.13,8.95,8.97,9.18,-0.21,-2.2876,295390.56,266537.53
20180823,438,600522.SH,8.94,9.21,8.92,9.12,8.97,0.15,1.6722,396928.07,360612.507
20180824,437,600522.SH,9.09,9.09,8.93,8.93,9.12,-0.19,-2.0833,257060.52,230962.3
20180827,436,600522.SH,8.97,9.28,8.95,9.19,8.93,0.26,2.9115,576390.44,528921.209
20180828,435,600522.SH,9.17,9.34,9.12,9.25,9.19,0.06,0.6529,531178.97,491015.206
20180829,434,600522.SH,9.23,9.36,9.16,9.26,9.25,0.01,0.1081,315628.71,291654.022
20180830,433,600522.SH,9.28,9.29,8.99,9.01,9.26,-0.25,-2.6998,349137.44,317213.217
20180831,432,600522.SH,8.96,9.07,8.94,8.98,9.01,-0.03,-0.333,198495.96,178660.499
20180903,431,600522.SH,9.02,9.06,8.69,8.97,8.98,-0.01,-0.1114,259084.9,229481.395
20180904,430,600522.SH,8.92,9.09,8.89,9.02,8.97,0.05,0.5574,214658.2,193764.899
20180905,429,600522.SH,9.02,9.11,8.87,8.88,9.02,-0.14,-1.5521,261582.43,235490.392
20180906,428,600522.SH,8.83,8.94,8.68,8.72,8.88,-0.16,-1.8018,286076.34,251630.633
20180907,427,600522.SH,8.74,8.84,8.45,8.57,8.72,-0.15,-1.7202,285398.36,246568.295
20180910,426,600522.SH,8.53,8.58,8.42,8.44,8.57,-0.13,-1.5169,148696.29,125968.84
20180911,425,600522.SH,8.42,8.57,8.36,8.5,8.44,0.06,0.7109,137459.83,116415.716
20180912,424,600522.SH,8.5,8.57,8.47,8.49,8.5,-0.01,-0.1176,136146.94,115859.432
20180913,423,600522.SH,8.6,8.66,8.49,8.66,8.49,0.17,2.0024,231038.38,198465.145
20180914,422,600522.SH,8.67,8.69,8.5,8.5,8.66,-0.16,-1.8476,153008.03,131196.21
20180917,421,600522.SH,8.47,8.5,8.37,8.38,8.5,-0.12,-1.4118,134458.68,113244.8
20180918,420,600522.SH,8.37,8.54,8.29,8.51,8.38,0.13,1.5513,174610.77,147213.889
20180919,419,600522.SH,8.46,8.67,8.44,8.6,8.51,0.09,1.0576,217107.87,186168.753
20180920,418,600522.SH,8.61,8.69,8.54,8.57,8.6,-0.03,-0.3488,142989.51,123017.879
20180921,417,600522.SH,8.58,8.74,8.47,8.68,8.57,0.11,1.2835,258007.87,222129.597
20180925,416,600522.SH,8.62,8.67,8.58,8.61,8.68,-0.07,-0.8065,119372.0,102867.893
20180926,415,600522.SH,8.64,8.8,8.59,8.73,8.61,0.12,1.3937,273383.33,237971.118
20180927,414,600522.SH,8.71,8.72,8.58,8.58,8.73,-0.15,-1.7182,189249.23,163562.284
20180928,413,600522.SH,8.63,8.66,8.45,8.59,8.58,0.01,0.1166,180661.3,154661.451
20181008,412,600522.SH,8.4,8.44,8.26,8.3,8.59,-0.29,-3.376,209893.83,175607.388
20181009,411,600522.SH,8.31,8.37,8.24,8.28,8.3,-0.02,-0.241,111622.39,92510.674
20181010,410,600522.SH,8.33,8.36,8.25,8.3,8.28,0.02,0.2415,84212.04,69954.285
20181011,409,600522.SH,8.05,8.07,7.47,7.48,8.3,-0.82,-9.8795,397373.94,307015.649
20181012,408,600522.SH,7.41,7.45,7.03,7.36,7.48,-0.12,-1.6043,275578.64,200697.722
20181015,407,600522.SH,7.4,7.54,7.15,7.18,7.36,-0.18,-2.4457,185624.44,136777.025
20181016,406,600522.SH,7.24,7.32,7.01,7.07,7.18,-0.11,-1.532,180382.36,129048.023
20181017,405,600522.SH,7.2,7.25,7.01,7.21,7.07,0.14,1.9802,192153.71,137708.703
20181018,404,600522.SH,7.13,7.18,7.02,7.04,7.21,-0.17,-2.3578,144034.98,102001.333
20181019,403,600522.SH,6.96,7.25,6.85,7.19,7.04,0.15,2.1307,247673.67,175650.446
20181022,402,600522.SH,7.28,7.64,7.21,7.51,7.19,0.32,4.4506,351647.13,261772.644
20181023,401,600522.SH,7.5,7.55,7.22,7.27,7.51,-0.24,-3.1957,233210.6,171743.831
20181024,400,600522.SH,7.23,7.35,7.19,7.25,7.27,-0.02,-0.2751,135340.09,98380.697
20181025,399,600522.SH,7.04,7.26,6.96,7.2,7.25,-0.05,-0.6897,178869.15,126571.998
20181026,398,600522.SH,7.26,7.41,7.26,7.29,7.2,0.09,1.25,180110.21,131973.589
20181029,397,600522.SH,7.28,7.34,7.14,7.17,7.29,-0.12,-1.6461,129537.61,93803.059
20181030,396,600522.SH,7.15,7.27,6.9,7.18,7.17,0.01,0.1395,216124.33,153608.799
20181031,395,600522.SH,7.2,7.35,7.2,7.3,7.18,0.12,1.6713,185149.26,134984.715
20181101,394,600522.SH,7.4,7.52,7.32,7.34,7.3,0.04,0.5479,319546.53,237087.938
20181102,393,600522.SH,7.58,7.63,7.44,7.63,7.34,0.29,3.951,453100.59,341476.076
20181105,392,600522.SH,7.58,7.73,7.49,7.59,7.63,-0.04,-0.5242,350454.68,266384.616
20181106,391,600522.SH,7.52,7.56,7.42,7.45,7.59,-0.14,-1.8445,291872.18,217892.867
20181107,390,600522.SH,7.46,7.79,7.42,7.56,7.45,0.11,1.4765,627313.86,476650.804
20181108,389,600522.SH,7.62,7.64,7.44,7.46,7.56,-0.1,-1.3228,291659.51,219494.305
20181109,388,600522.SH,7.41,7.7,7.37,7.52,7.46,0.06,0.8043,393012.63,297239.618
20181112,387,600522.SH,7.45,8.03,7.42,7.95,7.52,0.43,5.7181,689951.96,537893.347
20181113,386,600522.SH,7.82,8.05,7.8,7.97,7.95,0.02,0.2516,584883.4,465082.32
20181114,385,600522.SH,7.9,8.02,7.83,7.89,7.97,-0.08,-1.0038,358308.91,283422.82
20181115,384,600522.SH,7.89,8.03,7.87,8.03,7.89,0.14,1.7744,334819.06,266530.305
20181116,383,600522.SH,8.04,8.1,7.89,8.03,8.03,0.0,0.0,465954.09,373024.906
20181119,382,600522.SH,8.01,8.02,7.88,8.0,8.03,-0.03,-0.3736,290634.83,231220.312
20181120,381,600522.SH,7.93,7.98,7.65,7.67,8.0,-0.33,-4.125,349428.42,273058.933
20181121,380,600522.SH,7.53,7.8,7.51,7.75,7.67,0.08,1.043,228122.53,175318.411
20181122,379,600522.SH,7.76,7.85,7.71,7.78,7.75,0.03,0.3871,205959.21,160329.885
20181123,378,600522.SH,7.78,7.78,7.46,7.77,7.78,-0.01,-0.1285,269884.31,205102.856
20181126,377,600522.SH,7.62,7.74,7.55,7.68,7.77,-0.09,-1.1583,234060.3,178639.199
20181127,376,600522.SH,7.72,7.9,7.67,7.87,7.68,0.19,2.474,384299.22,299959.518
20181128,375,600522.SH,7.88,8.03,7.67,7.97,7.87,0.1,1.2706,470203.73,371077.648
20181129,374,600522.SH,8.02,8.05,7.65,7.69,7.97,-0.28,-3.5132,401010.79,315126.018
20181130,373,600522.SH,7.66,7.76,7.53,7.76,7.69,0.07,0.9103,233772.75,178878.093
20181203,372,600522.SH,8.19,8.26,8.04,8.09,7.76,0.33,4.2526,669794.73,545551.624
20181204,371,600522.SH,8.09,8.14,8.01,8.1,8.09,0.01,0.1236,309717.64,249967.408
20181205,370,600522.SH,7.92,8.05,7.9,8.0,8.1,-0.1,-1.2346,291523.72,232589.323
20181206,369,600522.SH,7.91,7.91,7.76,7.77,8.0,-0.23,-2.875,332879.94,260150.766
20181207,368,600522.SH,7.8,7.91,7.79,7.9,7.77,0.13,1.6731,204204.03,160458.458
20181210,367,600522.SH,7.83,8.07,7.81,7.92,7.9,0.02,0.2532,322764.54,257098.969
20181211,366,600522.SH,7.95,8.15,7.95,8.12,7.92,0.2,2.5253,406154.03,327633.548
20181212,365,600522.SH,8.15,8.17,8.01,8.03,8.12,-0.09,-1.1084,242393.02,195297.332
20181213,364,600522.SH,8.05,8.29,8.04,8.24,8.03,0.21,2.6152,525565.85,430990.102
20181214,363,600522.SH,8.23,8.23,8.01,8.04,8.24,-0.2,-2.4272,364964.04,296444.779
20181217,362,600522.SH,8.05,8.05,7.9,8.03,8.04,-0.01,-0.1244,210952.66,168254.664
20181218,361,600522.SH,7.95,8.07,7.9,7.98,8.03,-0.05,-0.6227,196687.76,156948.572
20181219,360,600522.SH,8.02,8.1,7.85,7.89,7.98,-0.09,-1.1278,236042.05,188273.864
20181220,359,600522.SH,7.84,8.0,7.83,7.96,7.89,0.07,0.8872,225009.35,178332.193
20181221,358,600522.SH,7.9,7.99,7.84,7.98,7.96,0.02,0.2513,199972.36,158448.866
20181224,357,600522.SH,7.96,8.17,7.93,8.16,7.98,0.18,2.2556,377683.94,306482.826
20181225,356,600522.SH,8.05,8.3,7.93,8.21,8.16,0.05,0.6127,486566.98,394524.937
20181226,355,600522.SH,8.2,8.35,8.16,8.16,8.21,-0.05,-0.609,451921.88,372596.895
20181227,354,600522.SH,8.3,8.33,8.11,8.13,8.16,-0.03,-0.3676,393748.46,323679.687
20181228,353,600522.SH,8.13,8.16,7.98,8.15,8.13,0.02,0.246,278391.08,224565.867
20190102,352,600522.SH,8.15,8.27,8.09,8.26,8.15,0.11,1.3497,385702.87,315703.54
20190103,351,600522.SH,8.19,8.26,7.94,7.95,8.26,-0.31,-3.753,468732.34,378372.937
20190104,350,600522.SH,7.85,8.17,7.76,8.17,7.95,0.22,2.7673,428466.15,344667.732
20190107,349,600522.SH,8.24,8.56,8.17,8.41,8.17,0.24,2.9376,876064.88,734107.63
20190108,348,600522.SH,8.38,8.45,8.26,8.32,8.41,-0.09,-1.0702,494549.32,412303.559
20190109,347,600522.SH,8.33,8.45,8.23,8.26,8.32,-0.06,-0.7212,631976.56,528733.279
20190110,346,600522.SH,8.27,8.68,8.25,8.46,8.26,0.2,2.4213,993244.59,841679.234
20190111,345,600522.SH,8.53,8.61,8.4,8.5,8.46,0.04,0.4728,712374.67,605719.436
20190114,344,600522.SH,8.5,8.5,8.29,8.41,8.5,-0.09,-1.0588,478369.32,400235.904
20190115,343,600522.SH,8.39,8.53,8.34,8.52,8.41,0.11,1.308,471952.29,399919.823
20190116,342,600522.SH,8.5,8.56,8.41,8.46,8.52,-0.06,-0.7042,356960.2,302346.845
20190117,341,600522.SH,8.46,8.46,8.31,8.33,8.46,-0.13,-1.5366,337590.9,283062.75
20190118,340,600522.SH,8.34,8.41,8.29,8.4,8.33,0.07,0.8403,294801.44,246351.432
20190121,339,600522.SH,8.4,8.56,8.37,8.47,8.4,0.07,0.8333,339423.1,287715.311
20190122,338,600522.SH,8.43,8.44,8.28,8.33,8.47,-0.14,-1.6529,287128.41,239747.819
20190123,337,600522.SH,8.3,8.36,8.24,8.31,8.33,-0.02,-0.2401,186050.31,154212.284
20190124,336,600522.SH,8.32,8.42,8.26,8.36,8.31,0.05,0.6017,245127.84,204835.296
20190125,335,600522.SH,8.35,8.38,8.23,8.25,8.36,-0.11,-1.3158,234452.98,194505.506
20190128,334,600522.SH,8.32,8.33,8.08,8.09,8.25,-0.16,-1.9394,294256.78,240892.251
20190129,333,600522.SH,8.07,8.15,7.92,8.09,8.09,0.0,0.0,260687.49,209609.052
20190130,332,600522.SH,8.05,8.11,7.88,7.9,8.09,-0.19,-2.3486,252526.79,201830.619
20190131,331,600522.SH,7.91,8.03,7.77,7.82,7.9,-0.08,-1.0127,254643.32,201003.869
20190201,330,600522.SH,7.85,8.04,7.84,8.03,7.82,0.21,2.6854,235545.75,187645.593
20190211,329,600522.SH,8.06,8.29,8.02,8.28,8.03,0.25,3.1133,535819.31,437357.779
20190212,328,600522.SH,8.28,8.34,8.23,8.3,8.28,0.02,0.2415,377687.25,312968.573
20190213,327,600522.SH,8.55,9.13,8.52,9.13,8.3,0.83,10.0,1420497.27,1255651.606
20190214,326,600522.SH,9.3,9.31,8.95,8.98,9.13,-0.15,-1.6429,1242975.43,1125346.513
20190215,325,600522.SH,8.99,9.18,8.93,8.99,8.98,0.01,0.1114,868890.31,787921.084
20190218,324,600522.SH,9.14,9.59,9.06,9.51,8.99,0.52,5.7842,1258614.64,1180034.628
20190219,323,600522.SH,9.54,9.59,9.3,9.54,9.51,0.03,0.3155,912634.1,863825.219
20190220,322,600522.SH,9.45,9.48,9.31,9.47,9.54,-0.07,-0.7338,597877.4,562629.008
20190221,321,600522.SH,9.47,9.92,9.38,9.54,9.47,0.07,0.7392,1395829.42,1346673.393
20190222,320,600522.SH,9.52,9.98,9.42,9.9,9.54,0.36,3.7736,1220982.89,1188413.85
20190225,319,600522.SH,10.3,10.52,10.05,10.3,9.9,0.4,4.0404,1640885.88,1688325.329
20190226,318,600522.SH,10.31,10.4,9.99,10.1,10.3,-0.2,-1.9417,1310557.76,1332049.719
20190227,317,600522.SH,10.09,10.21,9.87,9.99,10.1,-0.11,-1.0891,933877.53,938443.044
20190228,316,600522.SH,10.0,10.06,9.82,9.89,9.99,-0.1,-1.001,580348.87,575830.451
20190301,315,600522.SH,9.95,10.01,9.82,9.97,9.89,0.08,0.8089,500912.17,496302.246
20190304,314,600522.SH,10.09,10.3,10.02,10.08,9.97,0.11,1.1033,1095327.13,1115324.025
20190305,313,600522.SH,10.02,10.38,9.98,10.36,10.08,0.28,2.7778,982562.31,1003095.605
20190306,312,600522.SH,10.41,10.58,10.18,10.31,10.36,-0.05,-0.4826,1036006.3,1068762.215
20190307,311,600522.SH,10.3,10.31,10.09,10.2,10.31,-0.11,-1.0669,976678.98,994735.397
20190308,310,600522.SH,9.98,10.48,9.84,9.95,10.2,-0.25,-2.451,1113658.18,1129778.513
20190311,309,600522.SH,10.02,10.38,10.0,10.38,9.95,0.43,4.3216,1071334.24,1093592.299
20190312,308,600522.SH,10.47,10.54,10.2,10.35,10.38,-0.03,-0.289,1236429.53,1279558.53
20190313,307,600522.SH,10.27,10.28,9.96,10.01,10.35,-0.34,-3.285,905014.45,915132.145
20190314,306,600522.SH,10.05,10.13,9.83,9.93,10.01,-0.08,-0.7992,615028.73,613697.714
20190315,305,600522.SH,9.94,10.04,9.88,9.93,9.93,0.0,0.0,474063.84,472943.294
20190318,304,600522.SH,9.98,10.23,9.88,10.19,9.93,0.26,2.6183,632214.6,637358.61
20190319,303,600522.SH,10.26,10.37,10.11,10.18,10.19,-0.01,-0.0981,779065.4,799310.804
20190320,302,600522.SH,10.15,10.15,9.97,10.07,10.18,-0.11,-1.0806,517801.16,520383.048
20190321,301,600522.SH,10.08,10.22,10.02,10.14,10.07,0.07,0.6951,528452.92,535040.371
20190322,300,600522.SH,10.15,10.21,10.02,10.12,10.14,-0.02,-0.1972,444252.33,448283.938
20190325,299,600522.SH,10.01,10.36,9.96,10.2,10.12,0.08,0.7905,770151.16,785048.613
20190326,298,600522.SH,10.27,10.32,9.85,9.86,10.2,-0.34,-3.3333,621697.11,622918.219
20190327,297,600522.SH,9.91,9.95,9.67,9.77,9.86,-0.09,-0.9128,463280.28,453207.527
20190328,296,600522.SH,9.77,10.06,9.69,9.79,9.77,0.02,0.2047,497055.1,492698.941
20190329,295,600522.SH,9.8,9.95,9.54,9.95,9.79,0.16,1.6343,636727.55,625034.293
20190401,294,600522.SH,9.99,10.29,9.99,10.25,9.95,0.3,3.0151,927947.88,944147.432
20190402,293,600522.SH,10.3,10.34,10.15,10.19,10.25,-0.06,-0.5854,714792.66,731118.451
20190403,292,600522.SH,10.15,10.46,10.09,10.41,10.19,0.22,2.159,932808.41,961238.61
20190404,291,600522.SH,10.41,10.49,10.33,10.39,10.41,-0.02,-0.1921,764481.49,795161.535
20190408,290,600522.SH,10.45,10.53,10.1,10.17,10.39,-0.22,-2.1174,786387.98,808751.986
20190409,289,600522.SH,10.19,10.38,10.13,10.22,10.17,0.05,0.4916,520077.13,533339.765
20190410,288,600522.SH,10.2,10.68,10.07,10.56,10.22,0.34,3.3268,1094218.81,1136629.692
20190411,287,600522.SH,10.59,10.62,10.15,10.16,10.56,-0.4,-3.7879,802084.06,827386.086
20190412,286,600522.SH,10.16,10.2,10.02,10.05,10.16,-0.11,-1.0827,416200.83,420257.676
20190415,285,600522.SH,10.2,10.36,10.02,10.03,10.05,-0.02,-0.199,500346.21,510012.273
20190416,284,600522.SH,10.0,10.55,9.93,10.43,10.03,0.4,3.988,998606.04,1028679.388
20190417,283,600522.SH,10.45,10.52,10.26,10.31,10.43,-0.12,-1.1505,664986.52,688607.821
20190418,282,600522.SH,10.32,11.34,10.28,11.17,10.31,0.86,8.3414,2889743.0,3188033.955
20190419,281,600522.SH,11.0,11.48,10.84,11.4,11.17,0.23,2.0591,2259336.96,2522603.714
20190422,280,600522.SH,11.6,11.79,11.11,11.16,11.4,-0.24,-2.1053,1638669.3,1872506.326
20190423,279,600522.SH,11.13,11.25,10.82,10.83,11.16,-0.33,-2.957,1118144.27,1231566.024
20190424,278,600522.SH,10.91,11.05,10.69,10.94,10.83,0.11,1.0157,798427.74,869872.791
20190425,277,600522.SH,10.96,11.0,10.46,10.47,10.94,-0.47,-4.2962,929238.75,997491.111
20190426,276,600522.SH,10.38,10.61,10.26,10.27,10.47,-0.2,-1.9102,720114.72,753455.573
20190429,275,600522.SH,10.36,10.41,9.95,10.02,10.27,-0.25,-2.4343,783389.88,792596.04
20190430,274,600522.SH,10.03,10.29,10.02,10.14,10.02,0.12,1.1976,581387.73,589946.548
20190506,273,600522.SH,9.69,9.81,9.13,9.13,10.14,-1.01,-9.9606,975215.48,917024.474
20190507,272,600522.SH,9.2,9.26,8.95,9.17,9.13,0.04,0.4381,528269.66,482096.971
20190508,271,600522.SH,8.91,9.16,8.81,8.97,9.17,-0.2,-2.181,442903.86,398815.502
20190509,270,600522.SH,8.89,9.08,8.84,8.88,8.97,-0.09,-1.0033,341301.97,305363.242
20190510,269,600522.SH,8.99,9.25,8.65,9.23,8.88,0.35,3.9414,673820.14,612449.404
20190513,268,600522.SH,9.02,9.14,8.91,8.97,9.23,-0.26,-2.8169,492802.16,444485.828
20190514,267,600522.SH,8.85,9.06,8.79,8.94,8.97,-0.03,-0.3344,371746.81,333126.532
20190515,266,600522.SH,9.06,9.13,8.99,9.1,8.94,0.16,1.7897,467225.68,423501.822
20190516,265,600522.SH,9.12,9.32,9.01,9.28,9.1,0.18,1.978,560949.52,513888.117
20190517,264,600522.SH,9.28,9.31,8.85,8.91,9.28,-0.37,-3.9871,514515.82,466702.17
20190520,263,600522.SH,8.91,8.99,8.75,8.95,8.91,0.04,0.4489,307545.94,273316.629
20190521,262,600522.SH,8.96,9.22,8.89,9.12,8.95,0.17,1.8994,405241.76,368488.676
20190522,261,600522.SH,9.14,9.28,9.01,9.1,9.12,-0.02,-0.2193,439540.31,402498.014
20190523,260,600522.SH,9.12,9.13,8.88,8.94,9.1,-0.16,-1.7582,340681.27,305000.034
20190524,259,600522.SH,8.87,8.97,8.79,8.83,8.94,-0.11,-1.2304,297103.6,263468.435
20190527,258,600522.SH,8.85,9.06,8.79,9.04,8.83,0.21,2.3783,353093.26,316173.339
20190528,257,600522.SH,9.04,9.18,8.98,9.01,9.04,-0.03,-0.3319,365986.41,331981.684
20190529,256,600522.SH,8.99,9.08,8.96,9.0,9.01,-0.01,-0.111,260853.52,235355.035
20190530,255,600522.SH,8.93,8.94,8.8,8.87,9.0,-0.13,-1.4444,307105.62,271944.655
20190531,254,600522.SH,8.86,8.96,8.83,8.85,8.87,-0.02,-0.2255,227695.64,202243.658
20190603,253,600522.SH,8.89,9.02,8.68,8.92,8.85,0.07,0.791,470424.98,417133.199
20190604,252,600522.SH,8.92,9.22,8.9,9.11,8.92,0.19,2.13,701702.66,639638.532
20190605,251,600522.SH,9.2,9.24,9.01,9.14,9.11,0.03,0.3293,522269.78,477659.883
20190606,250,600522.SH,9.14,9.14,8.86,8.89,9.14,-0.25,-2.7352,383098.09,342695.047
20190610,249,600522.SH,8.91,9.09,8.89,9.05,8.89,0.16,1.7998,313098.12,282841.306
20190611,248,600522.SH,9.02,9.29,8.94,9.28,9.05,0.23,2.5414,647187.04,594291.956
20190612,247,600522.SH,9.25,9.68,9.17,9.58,9.28,0.3,3.2328,934955.96,882683.534
20190613,246,600522.SH,9.4,9.56,9.33,9.42,9.58,-0.16,-1.6701,561993.16,529924.87
20190614,245,600522.SH,9.43,9.54,9.13,9.17,9.42,-0.25,-2.6539,396301.53,368470.978
20190617,244,600522.SH,9.14,9.23,9.11,9.14,9.17,-0.03,-0.3272,201853.99,184987.621
20190618,243,600522.SH,9.23,9.24,9.11,9.16,9.14,0.02,0.2188,188746.03,172902.673
20190619,242,600522.SH,9.41,9.47,9.24,9.25,9.16,0.09,0.9825,433602.36,404576.009
20190620,241,600522.SH,9.28,9.47,9.19,9.44,9.25,0.19,2.0541,497322.02,466252.305
20190621,240,600522.SH,9.47,9.54,9.39,9.46,9.44,0.02,0.2119,522385.12,494295.261
20190624,239,600522.SH,9.46,9.46,9.34,9.37,9.46,-0.09,-0.9514,273788.05,256820.476
20190625,238,600522.SH,9.37,9.38,9.1,9.22,9.37,-0.15,-1.6009,352231.77,324325.147
20190626,237,600522.SH,9.21,9.36,9.19,9.27,9.22,0.05,0.5423,271755.66,252795.189
20190627,236,600522.SH,9.25,9.4,9.25,9.36,9.27,0.09,0.9709,347657.29,324898.615
20190628,235,600522.SH,9.36,9.36,9.12,9.17,9.36,-0.19,-2.0299,344323.75,316631.148
20190701,234,600522.SH,9.38,9.55,9.32,9.48,9.17,0.31,3.3806,662275.72,625713.879
20190702,233,600522.SH,9.48,9.54,9.4,9.44,9.48,-0.04,-0.4219,360763.59,341218.937
20190703,232,600522.SH,9.41,9.47,9.25,9.46,9.44,0.02,0.2119,492790.31,460890.317
20190704,231,600522.SH,9.43,9.49,9.34,9.36,9.46,-0.1,-1.0571,271042.42,255053.892
20190705,230,600522.SH,9.37,9.39,9.28,9.31,9.36,-0.05,-0.5342,264033.56,246092.684
20190708,229,600522.SH,9.29,9.29,8.98,9.02,9.31,-0.29,-3.1149,346790.22,315327.325
20190709,228,600522.SH,9.0,9.12,9.0,9.07,9.02,0.05,0.5543,171135.86,154984.753
20190710,227,600522.SH,9.09,9.12,8.93,8.97,9.07,-0.1,-1.1025,174735.71,157454.222
20190711,226,600522.SH,9.03,9.06,8.91,8.94,8.97,-0.03,-0.3344,160338.07,144225.388
20190712,225,600522.SH,8.96,9.04,8.9,9.02,8.94,0.08,0.8949,143596.53,128969.108
20190715,224,600522.SH,9.0,9.09,8.87,9.04,9.02,0.02,0.2217,250357.72,225409.709
20190716,223,600522.SH,8.96,9.02,8.92,8.95,8.94,0.01,0.1119,154212.78,138257.326
20190717,222,600522.SH,8.94,9.08,8.9,9.01,8.95,0.06,0.6704,231373.74,208102.945
20190718,221,600522.SH,8.93,8.95,8.84,8.87,9.01,-0.14,-1.5538,189439.68,168435.0
20190719,220,600522.SH,8.89,8.99,8.88,8.9,8.87,0.03,0.3382,148995.41,133028.773
20190722,219,600522.SH,8.9,8.93,8.69,8.69,8.9,-0.21,-2.3596,286888.64,251502.323
20190723,218,600522.SH,8.72,8.76,8.68,8.74,8.69,0.05,0.5754,135269.58,117978.032
20190724,217,600522.SH,8.76,8.94,8.76,8.84,8.74,0.1,1.1442,277270.84,245918.568
20190725,216,600522.SH,8.82,8.93,8.81,8.86,8.84,0.02,0.2262,212152.57,188224.786
20190726,215,600522.SH,8.82,8.87,8.81,8.87,8.86,0.01,0.1129,138545.08,122533.343
20190729,214,600522.SH,8.87,8.95,8.84,8.9,8.87,0.03,0.3382,165335.98,147086.835
20190730,213,600522.SH,8.88,8.99,8.88,8.92,8.9,0.02,0.2247,212739.73,190120.449
20190731,212,600522.SH,8.92,8.95,8.87,8.88,8.92,-0.04,-0.4484,173492.63,154455.036
20190801,211,600522.SH,8.85,8.88,8.76,8.82,8.88,-0.06,-0.6757,198935.94,175345.021
20190802,210,600522.SH,8.61,8.68,8.52,8.65,8.82,-0.17,-1.9274,353607.56,303681.462
20190805,209,600522.SH,8.58,8.73,8.5,8.5,8.65,-0.15,-1.7341,231743.63,199115.044
20190806,208,600522.SH,8.36,8.36,7.95,8.18,8.5,-0.32,-3.7647,441022.62,359579.775
20190807,207,600522.SH,8.22,8.25,8.11,8.15,8.18,-0.03,-0.3667,183651.21,150299.369
20190808,206,600522.SH,8.15,8.24,8.15,8.19,8.15,0.04,0.4908,152093.58,124678.14
20190809,205,600522.SH,8.25,8.27,7.99,8.02,8.19,-0.17,-2.0757,214249.89,173829.966
20190812,204,600522.SH,8.04,8.18,7.96,8.18,8.02,0.16,1.995,209784.5,169277.42
20190813,203,600522.SH,8.06,8.12,8.02,8.07,8.18,-0.11,-1.3447,142804.95,115347.724
20190814,202,600522.SH,8.18,8.35,8.15,8.17,8.07,0.1,1.2392,310944.31,256332.919
20190815,201,600522.SH,7.98,8.2,7.93,8.18,8.17,0.01,0.1224,209613.93,169406.637
20190816,200,600522.SH,8.17,8.31,8.13,8.21,8.18,0.03,0.3667,228832.97,188467.768
20190819,199,600522.SH,8.28,8.52,8.28,8.49,8.21,0.28,3.4105,427277.74,359905.344
20190820,198,600522.SH,8.48,8.58,8.45,8.46,8.49,-0.03,-0.3534,292987.38,249010.338
20190821,197,600522.SH,8.46,8.48,8.36,8.39,8.46,-0.07,-0.8274,210932.3,177354.273
20190822,196,600522.SH,8.42,8.47,8.37,8.41,8.39,0.02,0.2384,185356.46,155915.225
20190823,195,600522.SH,8.43,8.44,8.26,8.31,8.41,-0.1,-1.1891,210006.35,175156.213
20190826,194,600522.SH,8.16,8.17,8.1,8.13,8.31,-0.18,-2.1661,261395.82,212449.927
20190827,193,600522.SH,8.19,8.32,8.14,8.27,8.13,0.14,1.722,300339.99,247698.399
20190828,192,600522.SH,8.25,8.32,8.17,8.25,8.27,-0.02,-0.2418,229929.27,189532.265
20190829,191,600522.SH,8.26,8.29,8.16,8.18,8.25,-0.07,-0.8485,212978.01,174745.597
20190830,190,600522.SH,8.26,8.46,8.22,8.34,8.18,0.16,1.956,697049.76,582962.597
20190902,189,600522.SH,8.34,8.63,8.31,8.59,8.34,0.25,2.9976,484239.42,413161.083
20190903,188,600522.SH,8.55,8.62,8.49,8.57,8.59,-0.02,-0.2328,359569.24,307293.436
20190904,187,600522.SH,8.56,8.62,8.5,8.59,8.57,0.02,0.2334,318674.2,272633.331
20190905,186,600522.SH,8.64,8.89,8.62,8.72,8.59,0.13,1.5134,604618.16,528731.136
20190906,185,600522.SH,8.8,9.16,8.8,8.96,8.72,0.24,2.7523,854658.52,767537.584
20190909,184,600522.SH,9.03,9.24,8.99,9.21,8.96,0.25,2.7902,731004.52,667267.677
20190910,183,600522.SH,9.2,9.2,8.98,9.06,9.21,-0.15,-1.6287,585191.23,530674.7
20190911,182,600522.SH,9.11,9.14,8.95,8.96,9.06,-0.1,-1.1038,380118.17,342619.798
20190912,181,600522.SH,8.97,9.0,8.85,8.97,8.96,0.01,0.1116,307290.6,274778.039
20190916,180,600522.SH,9.0,9.1,8.97,8.98,8.97,0.01,0.1115,314650.54,284118.643
20190917,179,600522.SH,8.97,8.97,8.69,8.77,8.98,-0.21,-2.3385,428204.89,376426.784
20190918,178,600522.SH,8.8,8.88,8.73,8.82,8.77,0.05,0.5701,227823.27,200707.628
20190919,177,600522.SH,8.84,9.03,8.81,9.03,8.82,0.21,2.381,455274.13,408368.305
20190920,176,600522.SH,9.02,9.06,8.93,8.97,9.03,-0.06,-0.6645,290980.23,261209.117
20190923,175,600522.SH,8.96,8.96,8.77,8.86,8.97,-0.11,-1.2263,279534.04,246585.71
20190924,174,600522.SH,8.85,9.03,8.81,8.95,8.86,0.09,1.0158,377971.34,337711.889
20190925,173,600522.SH,9.02,9.19,8.88,8.9,8.95,-0.05,-0.5587,668278.86,604629.293
20190926,172,600522.SH,8.91,8.95,8.63,8.68,8.9,-0.22,-2.4719,434392.47,380028.546
20190927,171,600522.SH,8.68,8.78,8.65,8.71,8.68,0.03,0.3456,196461.94,171287.394
20190930,170,600522.SH,8.7,8.75,8.6,8.64,8.71,-0.07,-0.8037,189757.58,164147.292
20191008,169,600522.SH,8.63,8.76,8.62,8.75,8.64,0.11,1.2731,207274.62,180264.536
20191009,168,600522.SH,8.68,8.78,8.64,8.74,8.75,-0.01,-0.1143,148537.44,129497.473
20191010,167,600522.SH,8.72,8.79,8.66,8.75,8.74,0.01,0.1144,206782.38,180597.941
20191011,166,600522.SH,8.77,8.78,8.55,8.63,8.75,-0.12,-1.3714,296949.77,256656.434
20191014,165,600522.SH,8.72,8.79,8.68,8.77,8.63,0.14,1.6222,307060.37,268691.254
20191015,164,600522.SH,8.75,8.75,8.66,8.67,8.77,-0.1,-1.1403,200131.68,174219.031
20191016,163,600522.SH,8.85,8.85,8.62,8.64,8.67,-0.03,-0.346,184231.61,160564.768
20191017,162,600522.SH,8.61,8.67,8.46,8.5,8.64,-0.14,-1.6204,220313.86,188114.441
20191018,161,600522.SH,8.59,8.6,8.33,8.36,8.5,-0.14,-1.6471,234246.21,197589.769
20191021,160,600522.SH,8.33,8.36,8.22,8.27,8.36,-0.09,-1.0766,202046.07,166895.129
20191022,159,600522.SH,8.29,8.34,8.25,8.34,8.27,0.07,0.8464,179972.51,149079.749
20191023,158,600522.SH,8.31,8.31,8.22,8.25,8.34,-0.09,-1.0791,151730.7,125340.577
20191024,157,600522.SH,8.25,8.28,8.18,8.22,8.25,-0.03,-0.3636,149105.35,122597.984
20191025,156,600522.SH,8.2,8.28,8.19,8.25,8.22,0.03,0.365,128719.43,106050.996
20191028,155,600522.SH,8.3,8.48,8.29,8.45,8.25,0.2,2.4242,263156.05,221217.2
20191029,154,600522.SH,8.47,8.49,8.24,8.25,8.45,-0.2,-2.3669,228944.67,190534.273
20191030,153,600522.SH,8.2,8.2,7.98,8.01,8.25,-0.24,-2.9091,385558.65,310598.051
20191031,152,600522.SH,8.01,8.09,8.01,8.02,8.01,0.01,0.1248,136969.97,110093.243
20191101,151,600522.SH,8.03,8.11,7.99,8.08,8.02,0.06,0.7481,135382.12,109278.832
20191104,150,600522.SH,8.1,8.43,8.1,8.24,8.08,0.16,1.9802,395736.59,327955.831
20191105,149,600522.SH,8.28,8.28,8.15,8.23,8.24,-0.01,-0.1214,183747.17,151284.074
20191106,148,600522.SH,8.25,8.27,8.08,8.13,8.23,-0.1,-1.2151,189411.34,154731.133
20191107,147,600522.SH,8.17,8.22,8.12,8.18,8.13,0.05,0.615,124509.41,101664.939
20191108,146,600522.SH,8.23,8.31,8.2,8.22,8.18,0.04,0.489,222601.31,183726.939
20191111,145,600522.SH,8.2,8.2,8.02,8.05,8.22,-0.17,-2.0681,163789.89,132232.424
20191112,144,600522.SH,8.05,8.14,8.04,8.11,8.05,0.06,0.7453,130469.21,105502.376
20191113,143,600522.SH,8.12,8.65,8.02,8.3,8.11,0.19,2.3428,307039.49,254591.557
20191114,142,600522.SH,8.24,8.43,8.2,8.35,8.3,0.05,0.6024,236107.46,196266.62
20191115,141,600522.SH,8.3,8.36,8.17,8.18,8.35,-0.17,-2.0359,174232.44,143971.371
20191118,140,600522.SH,8.2,8.3,8.13,8.25,8.18,0.07,0.8557,128094.62,105601.876
20191119,139,600522.SH,8.26,8.33,8.21,8.32,8.25,0.07,0.8485,162593.55,134750.236
20191120,138,600522.SH,8.31,8.37,8.21,8.22,8.32,-0.1,-1.2019,152866.0,126584.133
20191121,137,600522.SH,8.18,8.22,8.14,8.18,8.22,-0.04,-0.4866,119875.45,98024.395
20191122,136,600522.SH,8.19,8.28,8.09,8.13,8.18,-0.05,-0.6112,155442.01,127074.879
20191125,135,600522.SH,8.09,8.23,8.09,8.2,8.13,0.07,0.861,169561.0,138617.131
20191126,134,600522.SH,8.19,8.26,8.1,8.1,8.2,-0.1,-1.2195,259698.55,212348.468
20191127,133,600522.SH,8.15,8.17,8.05,8.08,8.1,-0.02,-0.2469,167528.1,135487.468
20191128,132,600522.SH,8.07,8.11,8.05,8.07,8.08,-0.01,-0.1238,98183.97,79233.828
20191129,131,600522.SH,8.07,8.12,8.04,8.1,8.07,0.03,0.3717,121527.14,98109.623
20191202,130,600522.SH,8.11,8.15,8.04,8.05,8.1,-0.05,-0.6173,128453.89,103743.743
20191203,129,600522.SH,8.02,8.04,7.92,8.04,8.05,-0.01,-0.1242,189073.09,150743.814
20191204,128,600522.SH,8.0,8.04,7.96,8.01,8.04,-0.03,-0.3731,103747.9,82961.52
20191205,127,600522.SH,8.02,8.1,8.01,8.07,8.01,0.06,0.7491,205718.27,165677.515
20191206,126,600522.SH,8.06,8.21,8.04,8.13,8.07,0.06,0.7435,259526.78,211074.818
20191209,125,600522.SH,8.14,8.19,8.11,8.14,8.13,0.01,0.123,184870.6,150427.931
20191210,124,600522.SH,8.1,8.18,8.08,8.17,8.14,0.03,0.3686,249219.84,202722.637
20191211,123,600522.SH,8.16,8.17,8.06,8.09,8.17,-0.08,-0.9792,229941.03,186235.739
20191212,122,600522.SH,8.07,8.08,7.99,8.02,8.09,-0.07,-0.8653,287001.73,230314.487
20191213,121,600522.SH,8.08,8.1,8.0,8.1,8.02,0.08,0.9975,386477.9,311007.37
20191216,120,600522.SH,8.12,8.32,8.08,8.31,8.1,0.21,2.5926,667554.47,548762.561
20191217,119,600522.SH,8.31,8.45,8.3,8.4,8.31,0.09,1.083,665776.54,558822.351
20191218,118,600522.SH,8.48,8.58,8.36,8.39,8.4,-0.01,-0.119,554042.96,468526.449
20191219,117,600522.SH,8.39,8.44,8.33,8.39,8.39,0.0,0.0,360515.71,302134.426
20191220,116,600522.SH,8.39,8.43,8.26,8.27,8.39,-0.12,-1.4303,360303.21,300429.933
20191223,115,600522.SH,8.25,8.28,8.12,8.12,8.27,-0.15,-1.8138,333139.15,272918.416
20191224,114,600522.SH,8.13,8.23,8.13,8.22,8.12,0.1,1.2315,193679.76,158296.828
20191225,113,600522.SH,8.2,8.27,8.17,8.27,8.22,0.05,0.6083,220285.38,181341.582
20191226,112,600522.SH,8.27,8.29,8.22,8.29,8.27,0.02,0.2418,254180.69,209890.7
20191227,111,600522.SH,8.31,8.32,8.18,8.2,8.29,-0.09,-1.0856,339291.91,280406.331
20191230,110,600522.SH,8.18,8.25,8.05,8.25,8.2,0.05,0.6098,348741.93,284636.891
20191231,109,600522.SH,8.24,8.33,8.22,8.3,8.25,0.05,0.6061,276074.67,228591.754
20200102,108,600522.SH,8.35,8.5,8.31,8.44,8.3,0.14,1.6867,556309.71,468153.533
20200103,107,600522.SH,8.46,8.5,8.38,8.45,8.44,0.01,0.1185,382041.45,322477.909
20200106,106,600522.SH,8.38,8.55,8.35,8.48,8.45,0.03,0.355,486916.53,412802.441
20200107,105,600522.SH,8.49,8.58,8.4,8.55,8.48,0.07,0.8255,528279.72,449494.652
20200108,104,600522.SH,8.48,8.52,8.36,8.39,8.55,-0.16,-1.8713,474536.23,400277.422
20200109,103,600522.SH,8.47,8.88,8.45,8.76,8.39,0.37,4.41,1091849.88,948632.635
20200110,102,600522.SH,8.73,8.78,8.61,8.7,8.76,-0.06,-0.6849,549478.12,477709.917
20200113,101,600522.SH,8.68,8.84,8.65,8.77,8.7,0.07,0.8046,533839.77,467868.039
20200114,100,600522.SH,8.79,8.89,8.72,8.78,8.77,0.01,0.114,585505.99,515330.234
20200115,99,600522.SH,8.76,8.78,8.61,8.69,8.78,-0.09,-1.0251,378844.39,328333.744
20200116,98,600522.SH,8.7,8.72,8.56,8.57,8.69,-0.12,-1.3809,359534.49,309848.163
20200117,97,600522.SH,8.6,8.65,8.51,8.55,8.57,-0.02,-0.2334,283875.49,243352.178
20200120,96,600522.SH,8.55,8.74,8.5,8.71,8.55,0.16,1.8713,395331.81,341362.336
20200121,95,600522.SH,8.66,8.68,8.53,8.55,8.71,-0.16,-1.837,359855.27,308783.981
20200122,94,600522.SH,8.51,8.66,8.33,8.61,8.55,0.06,0.7018,415638.62,353317.751
20200123,93,600522.SH,8.5,8.55,8.21,8.26,8.61,-0.35,-4.065,492449.29,411684.558
20200203,92,600522.SH,7.43,7.43,7.43,7.43,8.26,-0.83,-10.0484,167222.0,124245.946
20200204,91,600522.SH,7.0,7.53,7.0,7.31,7.43,-0.12,-1.6151,629935.85,460674.92
20200205,90,600522.SH,7.36,7.56,7.32,7.41,7.31,0.1,1.368,475041.14,353550.89
20200206,89,600522.SH,7.4,7.54,7.33,7.5,7.41,0.09,1.2146,499553.78,371384.071
20200207,88,600522.SH,7.47,7.54,7.37,7.54,7.5,0.04,0.5333,537576.27,400415.941
20200210,87,600522.SH,7.49,7.67,7.46,7.65,7.54,0.11,1.4589,462075.05,350655.261
20200211,86,600522.SH,7.63,7.69,7.58,7.61,7.65,-0.04,-0.5229,411528.38,314134.444
20200212,85,600522.SH,7.59,7.77,7.57,7.75,7.61,0.14,1.8397,429290.13,329848.072
20200213,84,600522.SH,7.71,7.83,7.63,7.64,7.75,-0.11,-1.4194,431390.49,331779.392
20200214,83,600522.SH,7.64,7.72,7.58,7.65,7.64,0.01,0.1309,351415.67,268692.212
20200217,82,600522.SH,7.86,8.15,7.86,8.13,7.65,0.48,6.2745,839709.61,671233.237
20200218,81,600522.SH,8.15,8.21,8.05,8.16,8.13,0.03,0.369,646366.33,526408.22
20200219,80,600522.SH,8.17,8.45,8.12,8.27,8.16,0.11,1.348,743600.63,618009.936
20200220,79,600522.SH,8.4,8.5,8.16,8.36,8.27,0.09,1.0883,740062.75,615697.904
20200221,78,600522.SH,8.36,8.66,8.36,8.54,8.36,0.18,2.1531,1014171.04,866823.692
20200224,77,600522.SH,8.59,9.2,8.55,9.12,8.54,0.58,6.7916,1775360.01,1584042.156
20200225,76,600522.SH,8.88,9.61,8.68,9.56,9.12,0.44,4.8246,2433291.15,2227342.679
20200226,75,600522.SH,9.35,9.86,9.06,9.14,9.56,-0.42,-4.3933,1983390.42,1875652.532
20200227,74,600522.SH,9.25,9.33,8.81,8.95,9.14,-0.19,-2.0788,1179278.81,1065829.26
20200228,73,600522.SH,8.5,8.73,8.33,8.42,8.95,-0.53,-5.9218,1091248.99,931025.49
20200302,72,600522.SH,8.54,9.13,8.51,9.02,8.42,0.6,7.1259,1140723.5,1007648.509
20200303,71,600522.SH,9.29,9.48,8.92,9.0,9.02,-0.02,-0.2217,1417001.05,1305989.139
20200304,70,600522.SH,8.89,9.15,8.85,9.07,9.0,0.07,0.7778,792129.74,711761.45
20200305,69,600522.SH,9.45,9.59,9.16,9.48,9.07,0.41,4.5204,1697274.89,1591888.885
20200306,68,600522.SH,9.32,9.46,9.25,9.25,9.48,-0.23,-2.4262,901114.93,839902.657
20200309,67,600522.SH,9.06,9.53,8.95,9.2,9.25,-0.05,-0.5405,1271036.27,1179893.197
20200310,66,600522.SH,9.08,10.12,9.08,10.12,9.2,0.92,10.0,2950272.5,2878476.44
20200311,65,600522.SH,10.59,11.12,10.21,10.33,10.12,0.21,2.0751,4289594.82,4567478.072
20200312,64,600522.SH,10.19,10.96,10.19,10.93,10.33,0.6,5.8083,2631301.16,2763755.967
20200313,63,600522.SH,10.27,11.38,10.27,10.82,10.93,-0.11,-1.0064,2883836.29,3139124.496
20200316,62,600522.SH,11.07,11.07,10.1,10.1,10.82,-0.72,-6.6543,2197465.44,2312456.22
20200317,61,600522.SH,10.45,11.11,9.96,11.11,10.1,1.01,10.0,3051591.19,3269595.184
20200318,60,600522.SH,11.05,12.0,10.83,11.13,11.11,0.02,0.18,3489453.86,3949158.377
20200319,59,600522.SH,11.35,12.09,11.01,11.9,11.13,0.77,6.9182,2991686.67,3462079.07
20200320,58,600522.SH,12.15,12.47,11.6,12.02,11.9,0.12,1.0084,2969609.51,3573882.567
20200323,57,600522.SH,11.7,12.23,11.02,11.3,12.02,-0.72,-5.99,2323340.65,2728787.201
20200324,56,600522.SH,11.65,11.75,10.35,10.97,11.3,-0.33,-2.9204,2853943.74,3131264.272
20200325,55,600522.SH,11.21,11.48,10.84,11.01,10.97,0.04,0.3646,2050801.85,2279099.596
20200326,54,600522.SH,10.8,11.46,10.48,11.18,11.01,0.17,1.5441,1762624.82,1926611.951
20200327,53,600522.SH,11.21,11.33,10.65,10.67,11.18,-0.51,-4.5617,1389937.5,1523008.368
20200330,52,600522.SH,10.27,10.29,9.88,9.9,10.67,-0.77,-7.2165,1488081.77,1497578.485
20200331,51,600522.SH,10.08,10.13,9.58,9.61,9.9,-0.29,-2.9293,1279724.5,1258864.607
20200401,50,600522.SH,9.55,9.88,9.4,9.46,9.61,-0.15,-1.5609,1127514.69,1087028.746
20200402,49,600522.SH,9.57,10.25,9.51,10.2,9.46,0.74,7.8224,1658248.22,1649942.623
20200403,48,600522.SH,10.03,10.08,9.85,9.9,10.2,-0.3,-2.9412,995746.94,990520.683
20200407,47,600522.SH,10.11,10.28,10.0,10.15,9.9,0.25,2.5253,1054559.38,1069658.603
20200408,46,600522.SH,10.02,11.08,9.95,10.83,10.15,0.68,6.6995,1684028.59,1782321.616
20200409,45,600522.SH,10.9,11.03,10.71,10.87,10.83,0.04,0.3693,1105040.65,1199619.096
20200410,44,600522.SH,10.84,10.84,10.22,10.29,10.87,-0.58,-5.3358,1000613.1,1048635.977
20200413,43,600522.SH,10.14,10.52,9.93,10.31,10.29,0.02,0.1944,662153.49,679379.346
20200414,42,600522.SH,10.45,10.82,10.42,10.73,10.31,0.42,4.0737,973315.53,1038502.954
20200415,41,600522.SH,10.75,11.05,10.58,10.76,10.73,0.03,0.2796,1116452.2,1207037.277
20200416,40,600522.SH,10.66,11.35,10.51,11.18,10.76,0.42,3.9033,1563890.23,1732108.487
20200417,39,600522.SH,11.21,11.34,10.87,10.91,11.18,-0.27,-2.415,1272570.18,1411891.004
20200420,38,600522.SH,10.96,11.33,10.85,11.32,10.91,0.41,3.758,1119438.72,1246329.637
20200421,37,600522.SH,11.21,11.73,11.08,11.67,11.32,0.35,3.0919,1528384.15,1744553.724
20200422,36,600522.SH,11.43,11.62,11.28,11.5,11.67,-0.17,-1.4567,979311.11,1122499.744
20200423,35,600522.SH,11.5,11.5,10.9,10.9,11.5,-0.6,-5.2174,1303377.28,1445730.414
20200424,34,600522.SH,10.88,11.14,10.53,10.6,10.9,-0.3,-2.7523,881968.78,950581.163
20200427,33,600522.SH,10.71,11.0,10.54,10.68,10.6,0.08,0.7547,642650.2,691737.293
20200428,32,600522.SH,10.7,10.73,10.04,10.43,10.68,-0.25,-2.3408,808964.19,842156.887
20200429,31,600522.SH,10.35,10.78,10.35,10.7,10.43,0.27,2.5887,630200.32,668915.04
20200430,30,600522.SH,10.67,11.33,10.6,11.17,10.7,0.47,4.3925,1189852.93,1319367.589
20200506,29,600522.SH,11.16,11.44,11.0,11.4,11.17,0.23,2.0591,1105134.38,1244186.726
20200507,28,600522.SH,11.55,11.68,11.15,11.18,11.4,-0.22,-1.9298,1028955.44,1169687.671
20200508,27,600522.SH,11.28,11.64,11.22,11.48,11.18,0.3,2.6834,1162880.67,1329635.924
20200511,26,600522.SH,11.97,12.63,11.88,12.63,11.48,1.15,10.0174,3277918.12,4100813.448
20200512,25,600522.SH,12.5,12.51,12.17,12.4,12.63,-0.23,-1.8211,1969475.65,2430215.508
20200513,24,600522.SH,12.3,12.63,12.25,12.33,12.4,-0.07,-0.5645,1272296.89,1579498.354
20200514,23,600522.SH,12.28,12.56,12.06,12.36,12.33,0.03,0.2433,1184276.25,1458751.671
20200515,22,600522.SH,12.38,12.62,12.21,12.4,12.36,0.04,0.3236,1155801.95,1433355.19
20200518,21,600522.SH,12.41,12.47,11.95,12.01,12.4,-0.39,-3.1452,1086330.59,1317638.661
20200519,20,600522.SH,12.15,12.27,11.84,11.94,12.01,-0.07,-0.5828,1058213.56,1275086.114
20200520,19,600522.SH,11.91,12.47,11.78,12.09,11.94,0.15,1.2563,1195739.62,1456115.578
20200521,18,600522.SH,12.1,12.23,11.68,11.74,12.09,-0.35,-2.895,828293.06,988648.888
20200522,17,600522.SH,11.74,11.97,11.51,11.75,11.74,0.01,0.0852,705151.79,830091.307
20200525,16,600522.SH,11.66,11.66,11.29,11.39,11.75,-0.36,-3.0638,674307.13,772775.717
20200526,15,600522.SH,11.47,11.93,11.47,11.87,11.39,0.48,4.2142,648607.02,761134.249
20200527,14,600522.SH,11.83,12.09,11.72,12.06,11.87,0.19,1.6007,727561.49,866624.232
20200528,13,600522.SH,11.96,12.04,11.48,11.69,12.06,-0.37,-3.068,676290.1,793851.799
20200529,12,600522.SH,11.6,11.94,11.53,11.6,11.69,-0.09,-0.7699,515005.29,603407.999
20200601,11,600522.SH,11.81,12.28,11.77,12.15,11.6,0.55,4.7414,828005.47,1000458.446
20200602,10,600522.SH,12.28,12.36,12.04,12.14,12.15,-0.01,-0.0823,646275.15,788212.654
20200603,9,600522.SH,12.16,12.32,11.9,12.07,12.14,-0.07,-0.5766,810341.96,979311.337
20200604,8,600522.SH,12.07,12.21,11.88,11.98,12.07,-0.09,-0.7457,549012.98,660821.147
20200605,7,600522.SH,11.98,12.03,11.57,11.75,11.98,-0.23,-1.9199,665294.62,782362.871
20200608,6,600522.SH,11.85,12.12,11.82,11.85,11.75,0.1,0.8511,572984.04,685333.258
20200609,5,600522.SH,11.81,11.83,11.53,11.64,11.85,-0.21,-1.7722,579221.58,673581.433
20200610,4,600522.SH,11.65,11.75,11.46,11.69,11.64,0.05,0.4296,507319.59,590712.232
20200611,3,600522.SH,11.61,11.85,11.51,11.52,11.69,-0.17,-1.4542,460867.69,538213.096
20200612,2,600522.SH,11.29,11.66,11.2,11.53,11.52,0.01,0.0868,552780.27,630273.211
20200615,1,600522.SH,11.4,11.48,11.0,11.05,11.53,-0.48,-4.1631,728587.57,820399.892
20200616,0,600522.SH,11.19,11.35,11.17,11.3,11.05,0.25,2.2624,527559.64,594913.7
